312869,1330,20778810
268872,70,741325
283474,68,613669
286206,73,1046587
291451,72,982643
300253,66,516799
386022,44,57196
361329,61,330771
511548,50,109468
267277,71,882465
395427,56,187155
362979,66,510412
146275,99,13037079
371468,51,118861
356603,51,112843
366985,62,339776
328029,41,42686
281083,70,763476
404579,51,115218
324071,48,83017
384997,32,16633
307067,47,82407
393718,35,23757
320404,45,64567
-1,1,0
-1,-1
-1,-1
-1,-1
-1,-1
-1,-1
-1,-1
-1,-1
-1,-1
-1,-1
-1,-1
-1,-1
275884,1
-1,-1
-1,-1
-1,-1
-1,-1
-1,-1
244563,14
-1,-1
-1,-1
-1,-1
-1,-1
-1,-1
-1,-1
-1,-1
-1,-1
-1,0
-1,-1
-1,-1
-1,-1
-1,-1
-1,-1
-1,-1
-1,-1
-1,-1
-1,-1
-1,-1
-1,-1
-1,-1
-1,-1
-1,-1
-1,-1
-1,-1
-1,-1
-1,-1
-1,-1
-1,-1
-1,-1
-1,-1
-1,-1
-1,-1
-1,-1
-1,-1
-1,-1
-1,0
-1,0
-1,-1
-1,-1
-1,-1
-1,-1
-1,-1
-1,-1
-1,-1
-1,-1
113056,7
-1,-1
-1,-1
-1,-1
-1,-1
177052,50
-1,-1
-1,-1
-1,-1
-1,-1
-1,-1
-1,-1
-1,-1
-1,-1
-1,-1
-1,-1
-1,-1
-1,-1
-1,-1
-1,-1
-1,-1
-1,-1
-1,-1
117873,538
-1,-1
-1,-1
-1,-1
