312943,1330,20778810
268953,70,741325
283578,68,613669
286294,73,1046587
291537,72,982643
300323,66,516799
386124,44,57196
361423,61,330771
511658,50,109468
267349,71,882465
395521,56,187155
363069,66,510412
146311,99,13037079
371549,51,118861
356686,51,112843
367093,62,339776
328101,41,42686
281170,70,763476
404670,51,115218
324143,48,83017
385096,32,16633
307148,47,82407
393812,35,23757
320476,45,64567
-1,1,0
-1,-1
-1,-1
-1,-1
-1,-1
-1,-1
-1,-1
-1,-1
-1,-1
-1,-1
-1,-1
-1,-1
275935,1
-1,-1
-1,-1
-1,-1
-1,-1
-1,-1
244653,14
-1,-1
-1,-1
-1,-1
-1,-1
-1,-1
-1,-1
-1,-1
-1,-1
-1,0
-1,-1
-1,-1
-1,-1
-1,-1
-1,-1
-1,-1
-1,-1
-1,-1
-1,-1
-1,-1
-1,-1
-1,-1
-1,-1
-1,-1
-1,-1
-1,-1
-1,-1
-1,-1
-1,-1
-1,-1
-1,-1
-1,-1
-1,-1
-1,-1
-1,-1
-1,-1
-1,-1
-1,0
-1,0
-1,-1
-1,-1
-1,-1
-1,-1
-1,-1
-1,-1
-1,-1
-1,-1
113106,7
-1,-1
-1,-1
-1,-1
-1,-1
177136,50
-1,-1
-1,-1
-1,-1
-1,-1
-1,-1
-1,-1
-1,-1
-1,-1
-1,-1
-1,-1
-1,-1
-1,-1
-1,-1
-1,-1
-1,-1
-1,-1
-1,-1
117907,538
-1,-1
-1,-1
-1,-1
