308436,1330,20778810
264641,70,741325
279065,68,613669
281525,73,1046587
286978,72,982643
296123,66,516799
380129,44,57196
356232,61,330771
504563,50,109468
263150,71,882465
390416,56,187155
358497,66,510412
144945,99,13037079
366457,51,118861
351471,51,112843
361417,62,339776
323667,41,42686
276974,70,763476
397329,51,115218
319639,48,83017
379659,32,16633
302093,47,82407
388009,35,23757
315704,45,64567
-1,1,0
-1,-1
-1,-1
-1,-1
-1,-1
-1,-1
-1,-1
-1,-1
-1,-1
-1,-1
-1,-1
-1,-1
272878,1
-1,-1
-1,-1
-1,-1
-1,-1
-1,-1
240039,14
-1,-1
-1,-1
-1,-1
-1,-1
-1,-1
-1,-1
-1,-1
-1,-1
-1,0
-1,-1
-1,-1
-1,-1
-1,-1
-1,-1
-1,-1
-1,-1
-1,-1
-1,-1
-1,-1
-1,-1
-1,-1
-1,-1
-1,-1
-1,-1
-1,-1
-1,-1
-1,-1
-1,-1
-1,-1
-1,-1
-1,-1
-1,-1
-1,-1
-1,-1
-1,-1
-1,-1
-1,0
-1,0
-1,-1
-1,-1
-1,-1
-1,-1
-1,-1
-1,-1
-1,-1
-1,-1
109911,7
-1,-1
-1,-1
-1,-1
-1,-1
173581,50
-1,-1
-1,-1
-1,-1
-1,-1
-1,-1
-1,-1
-1,-1
-1,-1
-1,-1
-1,-1
-1,-1
-1,-1
-1,-1
-1,-1
-1,-1
-1,-1
-1,-1
116869,538
-1,-1
-1,-1
-1,-1
