312886,1330,20778810
268893,70,741325
283503,68,613669
286231,73,1046587
291475,72,982643
300281,66,516799
386056,44,57196
361358,61,330771
511584,50,109468
267297,71,882465
395462,56,187155
363007,66,510412
146293,99,13037079
371487,51,118861
356636,51,112843
367024,62,339776
328053,41,42686
281115,70,763476
404604,51,115218
324093,48,83017
385033,32,16633
307091,47,82407
393745,35,23757
320431,45,64567
-1,1,0
-1,-1
-1,-1
-1,-1
-1,-1
-1,-1
-1,-1
-1,-1
-1,-1
-1,-1
-1,-1
-1,-1
275895,1
-1,-1
-1,-1
-1,-1
-1,-1
-1,-1
244582,14
-1,-1
-1,-1
-1,-1
-1,-1
-1,-1
-1,-1
-1,-1
-1,-1
-1,0
-1,-1
-1,-1
-1,-1
-1,-1
-1,-1
-1,-1
-1,-1
-1,-1
-1,-1
-1,-1
-1,-1
-1,-1
-1,-1
-1,-1
-1,-1
-1,-1
-1,-1
-1,-1
-1,-1
-1,-1
-1,-1
-1,-1
-1,-1
-1,-1
-1,-1
-1,-1
-1,-1
-1,0
-1,0
-1,-1
-1,-1
-1,-1
-1,-1
-1,-1
-1,-1
-1,-1
-1,-1
113068,7
-1,-1
-1,-1
-1,-1
-1,-1
177076,50
-1,-1
-1,-1
-1,-1
-1,-1
-1,-1
-1,-1
-1,-1
-1,-1
-1,-1
-1,-1
-1,-1
-1,-1
-1,-1
-1,-1
-1,-1
-1,-1
-1,-1
117880,538
-1,-1
-1,-1
-1,-1
