308467,1330,20778810
264691,70,741325
279110,68,613669
281573,73,1046587
287022,72,982643
296161,66,516799
380190,44,57196
356269,61,330771
504640,50,109468
263183,71,882465
390479,56,187155
358530,66,510412
144954,99,13037079
366504,51,118861
351516,51,112843
361459,62,339776
323706,41,42686
277021,70,763476
397434,51,115218
319682,48,83017
379715,32,16633
302142,47,82407
388060,35,23757
315746,45,64567
-1,1,0
-1,-1
-1,-1
-1,-1
-1,-1
-1,-1
-1,-1
-1,-1
-1,-1
-1,-1
-1,-1
-1,-1
272900,1
-1,-1
-1,-1
-1,-1
-1,-1
-1,-1
240074,14
-1,-1
-1,-1
-1,-1
-1,-1
-1,-1
-1,-1
-1,-1
-1,-1
-1,0
-1,-1
-1,-1
-1,-1
-1,-1
-1,-1
-1,-1
-1,-1
-1,-1
-1,-1
-1,-1
-1,-1
-1,-1
-1,-1
-1,-1
-1,-1
-1,-1
-1,-1
-1,-1
-1,-1
-1,-1
-1,-1
-1,-1
-1,-1
-1,-1
-1,-1
-1,-1
-1,-1
-1,0
-1,0
-1,-1
-1,-1
-1,-1
-1,-1
-1,-1
-1,-1
-1,-1
-1,-1
109950,7
-1,-1
-1,-1
-1,-1
-1,-1
173617,50
-1,-1
-1,-1
-1,-1
-1,-1
-1,-1
-1,-1
-1,-1
-1,-1
-1,-1
-1,-1
-1,-1
-1,-1
-1,-1
-1,-1
-1,-1
-1,-1
-1,-1
116882,538
-1,-1
-1,-1
-1,-1
