308412,1330,20778810
264607,70,741325
279038,68,613669
281501,73,1046587
286961,72,982643
296100,66,516799
380094,44,57196
356194,61,330771
504520,50,109468
263127,71,882465
390390,56,187155
358468,66,510412
144934,99,13037079
366429,51,118861
351445,51,112843
361387,62,339776
323632,41,42686
276946,70,763476
397274,51,115218
319619,48,83017
379624,32,16633
302054,47,82407
387981,35,23757
315665,45,64567
-1,1,0
-1,-1
-1,-1
-1,-1
-1,-1
-1,-1
-1,-1
-1,-1
-1,-1
-1,-1
-1,-1
-1,-1
272863,1
-1,-1
-1,-1
-1,-1
-1,-1
-1,-1
240011,14
-1,-1
-1,-1
-1,-1
-1,-1
-1,-1
-1,-1
-1,-1
-1,-1
-1,0
-1,-1
-1,-1
-1,-1
-1,-1
-1,-1
-1,-1
-1,-1
-1,-1
-1,-1
-1,-1
-1,-1
-1,-1
-1,-1
-1,-1
-1,-1
-1,-1
-1,-1
-1,-1
-1,-1
-1,-1
-1,-1
-1,-1
-1,-1
-1,-1
-1,-1
-1,-1
-1,-1
-1,0
-1,0
-1,-1
-1,-1
-1,-1
-1,-1
-1,-1
-1,-1
-1,-1
-1,-1
109890,7
-1,-1
-1,-1
-1,-1
-1,-1
173561,50
-1,-1
-1,-1
-1,-1
-1,-1
-1,-1
-1,-1
-1,-1
-1,-1
-1,-1
-1,-1
-1,-1
-1,-1
-1,-1
-1,-1
-1,-1
-1,-1
-1,-1
116866,538
-1,-1
-1,-1
-1,-1
