308514,1330,20778810
264737,70,741325
279167,68,613669
281623,73,1046587
287086,72,982643
296218,66,516799
380260,44,57196
356331,61,330771
504727,50,109468
263246,71,882465
390532,56,187155
358588,66,510412
144972,99,13037079
366574,51,118861
351594,51,112843
361512,62,339776
323759,41,42686
277077,70,763476
397557,51,115218
319746,48,83017
379763,32,16633
302220,47,82407
388131,35,23757
315807,45,64567
-1,1,0
-1,-1
-1,-1
-1,-1
-1,-1
-1,-1
-1,-1
-1,-1
-1,-1
-1,-1
-1,-1
-1,-1
272933,1
-1,-1
-1,-1
-1,-1
-1,-1
-1,-1
240127,14
-1,-1
-1,-1
-1,-1
-1,-1
-1,-1
-1,-1
-1,-1
-1,-1
-1,0
-1,-1
-1,-1
-1,-1
-1,-1
-1,-1
-1,-1
-1,-1
-1,-1
-1,-1
-1,-1
-1,-1
-1,-1
-1,-1
-1,-1
-1,-1
-1,-1
-1,-1
-1,-1
-1,-1
-1,-1
-1,-1
-1,-1
-1,-1
-1,-1
-1,-1
-1,-1
-1,-1
-1,0
-1,0
-1,-1
-1,-1
-1,-1
-1,-1
-1,-1
-1,-1
-1,-1
-1,-1
109987,7
-1,-1
-1,-1
-1,-1
-1,-1
173641,50
-1,-1
-1,-1
-1,-1
-1,-1
-1,-1
-1,-1
-1,-1
-1,-1
-1,-1
-1,-1
-1,-1
-1,-1
-1,-1
-1,-1
-1,-1
-1,-1
-1,-1
116885,538
-1,-1
-1,-1
-1,-1
