308466,1330,20778810
264676,70,741325
279101,68,613669
281565,73,1046587
287010,72,982643
296156,66,516799
380181,44,57196
356265,61,330771
504624,50,109468
263178,71,882465
390465,56,187155
358523,66,510412
144955,99,13037079
366499,51,118861
351508,51,112843
361448,62,339776
323701,41,42686
277015,70,763476
397411,51,115218
319673,48,83017
379706,32,16633
302133,47,82407
388048,35,23757
315734,45,64567
-1,1,0
-1,-1
-1,-1
-1,-1
-1,-1
-1,-1
-1,-1
-1,-1
-1,-1
-1,-1
-1,-1
-1,-1
272893,1
-1,-1
-1,-1
-1,-1
-1,-1
-1,-1
240067,14
-1,-1
-1,-1
-1,-1
-1,-1
-1,-1
-1,-1
-1,-1
-1,-1
-1,0
-1,-1
-1,-1
-1,-1
-1,-1
-1,-1
-1,-1
-1,-1
-1,-1
-1,-1
-1,-1
-1,-1
-1,-1
-1,-1
-1,-1
-1,-1
-1,-1
-1,-1
-1,-1
-1,-1
-1,-1
-1,-1
-1,-1
-1,-1
-1,-1
-1,-1
-1,-1
-1,-1
-1,0
-1,0
-1,-1
-1,-1
-1,-1
-1,-1
-1,-1
-1,-1
-1,-1
-1,-1
109942,7
-1,-1
-1,-1
-1,-1
-1,-1
173617,50
-1,-1
-1,-1
-1,-1
-1,-1
-1,-1
-1,-1
-1,-1
-1,-1
-1,-1
-1,-1
-1,-1
-1,-1
-1,-1
-1,-1
-1,-1
-1,-1
-1,-1
116880,538
-1,-1
-1,-1
-1,-1
