316926,1330,20778810
272856,70,741325
287605,68,613669
290342,73,1046587
295680,72,982643
304104,66,516799
390847,44,57196
365859,61,330771
516858,50,109468
270861,71,882465
399574,56,187155
366874,66,510412
147293,99,13037079
375886,51,118861
361116,51,112843
371657,62,339776
332031,41,42686
284605,70,763476
409175,51,115218
328280,48,83017
389462,32,16633
311155,47,82407
397714,35,23757
324350,45,64567
-1,1,0
-1,-1
-1,-1
-1,-1
-1,-1
-1,-1
-1,-1
-1,-1
-1,-1
-1,-1
-1,-1
-1,-1
278771,1
-1,-1
-1,-1
-1,-1
-1,-1
-1,-1
248405,14
-1,-1
-1,-1
-1,-1
-1,-1
-1,-1
-1,-1
-1,-1
-1,-1
-1,0
-1,-1
-1,-1
-1,-1
-1,-1
-1,-1
-1,-1
-1,-1
-1,-1
-1,-1
-1,-1
-1,-1
-1,-1
-1,-1
-1,-1
-1,-1
-1,-1
-1,-1
-1,-1
-1,-1
-1,-1
-1,-1
-1,-1
-1,-1
-1,-1
-1,-1
-1,-1
-1,-1
-1,0
-1,0
-1,-1
-1,-1
-1,-1
-1,-1
-1,-1
-1,-1
-1,-1
-1,-1
115747,7
-1,-1
-1,-1
-1,-1
-1,-1
179769,50
-1,-1
-1,-1
-1,-1
-1,-1
-1,-1
-1,-1
-1,-1
-1,-1
-1,-1
-1,-1
-1,-1
-1,-1
-1,-1
-1,-1
-1,-1
-1,-1
-1,-1
118471,538
-1,-1
-1,-1
-1,-1
