316951,1330,20778810
272881,70,741325
287637,68,613669
290373,73,1046587
295707,72,982643
304129,66,516799
390882,44,57196
365878,61,330771
516887,50,109468
270890,71,882465
399603,56,187155
366889,66,510412
147294,99,13037079
375908,51,118861
361146,51,112843
371684,62,339776
332067,41,42686
284616,70,763476
409204,51,115218
328305,48,83017
389490,32,16633
311185,47,82407
397728,35,23757
324370,45,64567
-1,1,0
-1,-1
-1,-1
-1,-1
-1,-1
-1,-1
-1,-1
-1,-1
-1,-1
-1,-1
-1,-1
-1,-1
278788,1
-1,-1
-1,-1
-1,-1
-1,-1
-1,-1
248428,14
-1,-1
-1,-1
-1,-1
-1,-1
-1,-1
-1,-1
-1,-1
-1,-1
-1,0
-1,-1
-1,-1
-1,-1
-1,-1
-1,-1
-1,-1
-1,-1
-1,-1
-1,-1
-1,-1
-1,-1
-1,-1
-1,-1
-1,-1
-1,-1
-1,-1
-1,-1
-1,-1
-1,-1
-1,-1
-1,-1
-1,-1
-1,-1
-1,-1
-1,-1
-1,-1
-1,-1
-1,0
-1,0
-1,-1
-1,-1
-1,-1
-1,-1
-1,-1
-1,-1
-1,-1
-1,-1
115765,7
-1,-1
-1,-1
-1,-1
-1,-1
179772,50
-1,-1
-1,-1
-1,-1
-1,-1
-1,-1
-1,-1
-1,-1
-1,-1
-1,-1
-1,-1
-1,-1
-1,-1
-1,-1
-1,-1
-1,-1
-1,-1
-1,-1
118475,538
-1,-1
-1,-1
-1,-1
