316890,1330,20778810
272833,70,741325
287577,68,613669
290309,73,1046587
295653,72,982643
304069,66,516799
390820,44,57196
365826,61,330771
516821,50,109468
270836,71,882465
399545,56,187155
366857,66,510412
147283,99,13037079
375858,51,118861
361081,51,112843
371622,62,339776
332011,41,42686
284581,70,763476
409140,51,115218
328250,48,83017
389427,32,16633
311126,47,82407
397673,35,23757
324318,45,64567
-1,1,0
-1,-1
-1,-1
-1,-1
-1,-1
-1,-1
-1,-1
-1,-1
-1,-1
-1,-1
-1,-1
-1,-1
278751,1
-1,-1
-1,-1
-1,-1
-1,-1
-1,-1
248374,14
-1,-1
-1,-1
-1,-1
-1,-1
-1,-1
-1,-1
-1,-1
-1,-1
-1,0
-1,-1
-1,-1
-1,-1
-1,-1
-1,-1
-1,-1
-1,-1
-1,-1
-1,-1
-1,-1
-1,-1
-1,-1
-1,-1
-1,-1
-1,-1
-1,-1
-1,-1
-1,-1
-1,-1
-1,-1
-1,-1
-1,-1
-1,-1
-1,-1
-1,-1
-1,-1
-1,-1
-1,0
-1,0
-1,-1
-1,-1
-1,-1
-1,-1
-1,-1
-1,-1
-1,-1
-1,-1
115720,7
-1,-1
-1,-1
-1,-1
-1,-1
179745,50
-1,-1
-1,-1
-1,-1
-1,-1
-1,-1
-1,-1
-1,-1
-1,-1
-1,-1
-1,-1
-1,-1
-1,-1
-1,-1
-1,-1
-1,-1
-1,-1
-1,-1
118469,538
-1,-1
-1,-1
-1,-1
