316995,1330,20778810
272916,70,741325
287678,68,613669
290422,73,1046587
295744,72,982643
304163,66,516799
390941,44,57196
365931,61,330771
516947,50,109468
270928,71,882465
399648,56,187155
366920,66,510412
147304,99,13037079
375945,51,118861
361171,51,112843
371727,62,339776
332102,41,42686
284647,70,763476
409258,51,115218
328345,48,83017
389530,32,16633
311230,47,82407
397768,35,23757
324412,45,64567
-1,1,0
-1,-1
-1,-1
-1,-1
-1,-1
-1,-1
-1,-1
-1,-1
-1,-1
-1,-1
-1,-1
-1,-1
278821,1
-1,-1
-1,-1
-1,-1
-1,-1
-1,-1
248464,14
-1,-1
-1,-1
-1,-1
-1,-1
-1,-1
-1,-1
-1,-1
-1,-1
-1,0
-1,-1
-1,-1
-1,-1
-1,-1
-1,-1
-1,-1
-1,-1
-1,-1
-1,-1
-1,-1
-1,-1
-1,-1
-1,-1
-1,-1
-1,-1
-1,-1
-1,-1
-1,-1
-1,-1
-1,-1
-1,-1
-1,-1
-1,-1
-1,-1
-1,-1
-1,-1
-1,-1
-1,0
-1,0
-1,-1
-1,-1
-1,-1
-1,-1
-1,-1
-1,-1
-1,-1
-1,-1
115788,7
-1,-1
-1,-1
-1,-1
-1,-1
179802,50
-1,-1
-1,-1
-1,-1
-1,-1
-1,-1
-1,-1
-1,-1
-1,-1
-1,-1
-1,-1
-1,-1
-1,-1
-1,-1
-1,-1
-1,-1
-1,-1
-1,-1
118489,538
-1,-1
-1,-1
-1,-1
