308530,1330,20778810
264753,70,741325
279182,68,613669
281644,73,1046587
287096,72,982643
296224,66,516799
380282,44,57196
356344,61,330771
504749,50,109468
263260,71,882465
390558,56,187155
358603,66,510412
144978,99,13037079
366596,51,118861
351618,51,112843
361527,62,339776
323773,41,42686
277093,70,763476
397593,51,115218
319764,48,83017
379775,32,16633
302240,47,82407
388148,35,23757
315829,45,64567
-1,1,0
-1,-1
-1,-1
-1,-1
-1,-1
-1,-1
-1,-1
-1,-1
-1,-1
-1,-1
-1,-1
-1,-1
272945,1
-1,-1
-1,-1
-1,-1
-1,-1
-1,-1
240144,14
-1,-1
-1,-1
-1,-1
-1,-1
-1,-1
-1,-1
-1,-1
-1,-1
-1,0
-1,-1
-1,-1
-1,-1
-1,-1
-1,-1
-1,-1
-1,-1
-1,-1
-1,-1
-1,-1
-1,-1
-1,-1
-1,-1
-1,-1
-1,-1
-1,-1
-1,-1
-1,-1
-1,-1
-1,-1
-1,-1
-1,-1
-1,-1
-1,-1
-1,-1
-1,-1
-1,-1
-1,0
-1,0
-1,-1
-1,-1
-1,-1
-1,-1
-1,-1
-1,-1
-1,-1
-1,-1
109999,7
-1,-1
-1,-1
-1,-1
-1,-1
173653,50
-1,-1
-1,-1
-1,-1
-1,-1
-1,-1
-1,-1
-1,-1
-1,-1
-1,-1
-1,-1
-1,-1
-1,-1
-1,-1
-1,-1
-1,-1
-1,-1
-1,-1
116887,538
-1,-1
-1,-1
-1,-1
