308575,1330,20778810
264815,70,741325
279250,68,613669
281706,73,1046587
287160,72,982643
296266,66,516799
380344,44,57196
356406,61,330771
504832,50,109468
263318,71,882465
390622,56,187155
358661,66,510412
144997,99,13037079
366665,51,118861
351685,51,112843
361602,62,339776
323837,41,42686
277147,70,763476
397732,51,115218
319808,48,83017
379829,32,16633
302317,47,82407
388230,35,23757
315905,45,64567
-1,1,0
-1,-1
-1,-1
-1,-1
-1,-1
-1,-1
-1,-1
-1,-1
-1,-1
-1,-1
-1,-1
-1,-1
272986,1
-1,-1
-1,-1
-1,-1
-1,-1
-1,-1
240207,14
-1,-1
-1,-1
-1,-1
-1,-1
-1,-1
-1,-1
-1,-1
-1,-1
-1,0
-1,-1
-1,-1
-1,-1
-1,-1
-1,-1
-1,-1
-1,-1
-1,-1
-1,-1
-1,-1
-1,-1
-1,-1
-1,-1
-1,-1
-1,-1
-1,-1
-1,-1
-1,-1
-1,-1
-1,-1
-1,-1
-1,-1
-1,-1
-1,-1
-1,-1
-1,-1
-1,-1
-1,0
-1,0
-1,-1
-1,-1
-1,-1
-1,-1
-1,-1
-1,-1
-1,-1
-1,-1
110048,7
-1,-1
-1,-1
-1,-1
-1,-1
173706,50
-1,-1
-1,-1
-1,-1
-1,-1
-1,-1
-1,-1
-1,-1
-1,-1
-1,-1
-1,-1
-1,-1
-1,-1
-1,-1
-1,-1
-1,-1
-1,-1
-1,-1
116907,538
-1,-1
-1,-1
-1,-1
