313106,1330,20778810
269100,70,741325
283721,68,613669
286437,73,1046587
291685,72,982643
300455,66,516799
386293,44,57196
361584,61,330771
511851,50,109468
267460,71,882465
395686,56,187155
363226,66,510412
146372,99,13037079
371673,51,118861
356847,51,112843
367267,62,339776
328243,41,42686
281308,70,763476
404845,51,115218
324302,48,83017
385256,32,16633
307289,47,82407
393948,35,23757
320598,45,64567
-1,1,0
-1,-1
-1,-1
-1,-1
-1,-1
-1,-1
-1,-1
-1,-1
-1,-1
-1,-1
-1,-1
-1,-1
276019,1
-1,-1
-1,-1
-1,-1
-1,-1
-1,-1
244771,14
-1,-1
-1,-1
-1,-1
-1,-1
-1,-1
-1,-1
-1,-1
-1,-1
-1,0
-1,-1
-1,-1
-1,-1
-1,-1
-1,-1
-1,-1
-1,-1
-1,-1
-1,-1
-1,-1
-1,-1
-1,-1
-1,-1
-1,-1
-1,-1
-1,-1
-1,-1
-1,-1
-1,-1
-1,-1
-1,-1
-1,-1
-1,-1
-1,-1
-1,-1
-1,-1
-1,-1
-1,0
-1,0
-1,-1
-1,-1
-1,-1
-1,-1
-1,-1
-1,-1
-1,-1
-1,-1
113185,7
-1,-1
-1,-1
-1,-1
-1,-1
177223,50
-1,-1
-1,-1
-1,-1
-1,-1
-1,-1
-1,-1
-1,-1
-1,-1
-1,-1
-1,-1
-1,-1
-1,-1
-1,-1
-1,-1
-1,-1
-1,-1
-1,-1
117935,538
-1,-1
-1,-1
-1,-1
