313058,1330,20778810
269045,70,741325
283670,68,613669
286380,73,1046587
291625,72,982643
300407,66,516799
386242,44,57196
361531,61,330771
511782,50,109468
267420,71,882465
395633,56,187155
363163,66,510412
146345,99,13037079
371626,51,118861
356793,51,112843
367196,62,339776
328180,41,42686
281254,70,763476
404781,51,115218
324245,48,83017
385189,32,16633
307239,47,82407
393896,35,23757
320551,45,64567
-1,1,0
-1,-1
-1,-1
-1,-1
-1,-1
-1,-1
-1,-1
-1,-1
-1,-1
-1,-1
-1,-1
-1,-1
275982,1
-1,-1
-1,-1
-1,-1
-1,-1
-1,-1
244727,14
-1,-1
-1,-1
-1,-1
-1,-1
-1,-1
-1,-1
-1,-1
-1,-1
-1,0
-1,-1
-1,-1
-1,-1
-1,-1
-1,-1
-1,-1
-1,-1
-1,-1
-1,-1
-1,-1
-1,-1
-1,-1
-1,-1
-1,-1
-1,-1
-1,-1
-1,-1
-1,-1
-1,-1
-1,-1
-1,-1
-1,-1
-1,-1
-1,-1
-1,-1
-1,-1
-1,-1
-1,0
-1,0
-1,-1
-1,-1
-1,-1
-1,-1
-1,-1
-1,-1
-1,-1
-1,-1
113151,7
-1,-1
-1,-1
-1,-1
-1,-1
177200,50
-1,-1
-1,-1
-1,-1
-1,-1
-1,-1
-1,-1
-1,-1
-1,-1
-1,-1
-1,-1
-1,-1
-1,-1
-1,-1
-1,-1
-1,-1
-1,-1
-1,-1
117926,538
-1,-1
-1,-1
-1,-1
