308645,1330,20778810
264870,70,741325
279299,68,613669
281770,73,1046587
287225,72,982643
296321,66,516799
380432,44,57196
356473,61,330771
504931,50,109468
263365,71,882465
390699,56,187155
358718,66,510412
145016,99,13037079
366743,51,118861
351777,51,112843
361687,62,339776
323923,41,42686
277201,70,763476
397871,51,115218
319862,48,83017
379899,32,16633
302397,47,82407
388316,35,23757
315992,45,64567
-1,1,0
-1,-1
-1,-1
-1,-1
-1,-1
-1,-1
-1,-1
-1,-1
-1,-1
-1,-1
-1,-1
-1,-1
273026,1
-1,-1
-1,-1
-1,-1
-1,-1
-1,-1
240263,14
-1,-1
-1,-1
-1,-1
-1,-1
-1,-1
-1,-1
-1,-1
-1,-1
-1,0
-1,-1
-1,-1
-1,-1
-1,-1
-1,-1
-1,-1
-1,-1
-1,-1
-1,-1
-1,-1
-1,-1
-1,-1
-1,-1
-1,-1
-1,-1
-1,-1
-1,-1
-1,-1
-1,-1
-1,-1
-1,-1
-1,-1
-1,-1
-1,-1
-1,-1
-1,-1
-1,-1
-1,0
-1,0
-1,-1
-1,-1
-1,-1
-1,-1
-1,-1
-1,-1
-1,-1
-1,-1
110095,7
-1,-1
-1,-1
-1,-1
-1,-1
173755,50
-1,-1
-1,-1
-1,-1
-1,-1
-1,-1
-1,-1
-1,-1
-1,-1
-1,-1
-1,-1
-1,-1
-1,-1
-1,-1
-1,-1
-1,-1
-1,-1
-1,-1
116921,538
-1,-1
-1,-1
-1,-1
