308570,1330,20778810
264808,70,741325
279237,68,613669
281695,73,1046587
287148,72,982643
296258,66,516799
380332,44,57196
356393,61,330771
504810,50,109468
263301,71,882465
390607,56,187155
358650,66,510412
144993,99,13037079
366651,51,118861
351679,51,112843
361589,62,339776
323826,41,42686
277136,70,763476
397702,51,115218
319794,48,83017
379819,32,16633
302299,47,82407
388214,35,23757
315893,45,64567
-1,1,0
-1,-1
-1,-1
-1,-1
-1,-1
-1,-1
-1,-1
-1,-1
-1,-1
-1,-1
-1,-1
-1,-1
272978,1
-1,-1
-1,-1
-1,-1
-1,-1
-1,-1
240195,14
-1,-1
-1,-1
-1,-1
-1,-1
-1,-1
-1,-1
-1,-1
-1,-1
-1,0
-1,-1
-1,-1
-1,-1
-1,-1
-1,-1
-1,-1
-1,-1
-1,-1
-1,-1
-1,-1
-1,-1
-1,-1
-1,-1
-1,-1
-1,-1
-1,-1
-1,-1
-1,-1
-1,-1
-1,-1
-1,-1
-1,-1
-1,-1
-1,-1
-1,-1
-1,-1
-1,-1
-1,0
-1,0
-1,-1
-1,-1
-1,-1
-1,-1
-1,-1
-1,-1
-1,-1
-1,-1
110039,7
-1,-1
-1,-1
-1,-1
-1,-1
173694,50
-1,-1
-1,-1
-1,-1
-1,-1
-1,-1
-1,-1
-1,-1
-1,-1
-1,-1
-1,-1
-1,-1
-1,-1
-1,-1
-1,-1
-1,-1
-1,-1
-1,-1
116903,538
-1,-1
-1,-1
-1,-1
