308581,1330,20778810
264821,70,741325
279252,68,613669
281712,73,1046587
287169,72,982643
296275,66,516799
380361,44,57196
356408,61,330771
504846,50,109468
263323,71,882465
390627,56,187155
358666,66,510412
144995,99,13037079
366671,51,118861
351695,51,112843
361613,62,339776
323848,41,42686
277153,70,763476
397748,51,115218
319818,48,83017
379836,32,16633
302327,47,82407
388241,35,23757
315918,45,64567
-1,1,0
-1,-1
-1,-1
-1,-1
-1,-1
-1,-1
-1,-1
-1,-1
-1,-1
-1,-1
-1,-1
-1,-1
272989,1
-1,-1
-1,-1
-1,-1
-1,-1
-1,-1
240209,14
-1,-1
-1,-1
-1,-1
-1,-1
-1,-1
-1,-1
-1,-1
-1,-1
-1,0
-1,-1
-1,-1
-1,-1
-1,-1
-1,-1
-1,-1
-1,-1
-1,-1
-1,-1
-1,-1
-1,-1
-1,-1
-1,-1
-1,-1
-1,-1
-1,-1
-1,-1
-1,-1
-1,-1
-1,-1
-1,-1
-1,-1
-1,-1
-1,-1
-1,-1
-1,-1
-1,-1
-1,0
-1,0
-1,-1
-1,-1
-1,-1
-1,-1
-1,-1
-1,-1
-1,-1
-1,-1
110052,7
-1,-1
-1,-1
-1,-1
-1,-1
173709,50
-1,-1
-1,-1
-1,-1
-1,-1
-1,-1
-1,-1
-1,-1
-1,-1
-1,-1
-1,-1
-1,-1
-1,-1
-1,-1
-1,-1
-1,-1
-1,-1
-1,-1
116908,538
-1,-1
-1,-1
-1,-1
