313001,1330,20778810
268996,70,741325
283631,68,613669
286348,73,1046587
291585,72,982643
300378,66,516799
386183,44,57196
361475,61,330771
511723,50,109468
267388,71,882465
395590,56,187155
363113,66,510412
146328,99,13037079
371587,51,118861
356744,51,112843
367154,62,339776
328147,41,42686
281223,70,763476
404735,51,115218
324197,48,83017
385145,32,16633
307204,47,82407
393857,35,23757
320517,45,64567
-1,1,0
-1,-1
-1,-1
-1,-1
-1,-1
-1,-1
-1,-1
-1,-1
-1,-1
-1,-1
-1,-1
-1,-1
275958,1
-1,-1
-1,-1
-1,-1
-1,-1
-1,-1
244696,14
-1,-1
-1,-1
-1,-1
-1,-1
-1,-1
-1,-1
-1,-1
-1,-1
-1,0
-1,-1
-1,-1
-1,-1
-1,-1
-1,-1
-1,-1
-1,-1
-1,-1
-1,-1
-1,-1
-1,-1
-1,-1
-1,-1
-1,-1
-1,-1
-1,-1
-1,-1
-1,-1
-1,-1
-1,-1
-1,-1
-1,-1
-1,-1
-1,-1
-1,-1
-1,-1
-1,-1
-1,0
-1,0
-1,-1
-1,-1
-1,-1
-1,-1
-1,-1
-1,-1
-1,-1
-1,-1
113129,7
-1,-1
-1,-1
-1,-1
-1,-1
177174,50
-1,-1
-1,-1
-1,-1
-1,-1
-1,-1
-1,-1
-1,-1
-1,-1
-1,-1
-1,-1
-1,-1
-1,-1
-1,-1
-1,-1
-1,-1
-1,-1
-1,-1
117923,538
-1,-1
-1,-1
-1,-1
