317018,1330,20778810
272939,70,741325
287706,68,613669
290451,73,1046587
295768,72,982643
304192,66,516799
390959,44,57196
365964,61,330771
516972,50,109468
270946,71,882465
399670,56,187155
366950,66,510412
147310,99,13037079
375978,51,118861
361194,51,112843
371748,62,339776
332121,41,42686
284672,70,763476
409290,51,115218
328369,48,83017
389553,32,16633
311255,47,82407
397796,35,23757
324432,45,64567
-1,1,0
-1,-1
-1,-1
-1,-1
-1,-1
-1,-1
-1,-1
-1,-1
-1,-1
-1,-1
-1,-1
-1,-1
278837,1
-1,-1
-1,-1
-1,-1
-1,-1
-1,-1
248492,14
-1,-1
-1,-1
-1,-1
-1,-1
-1,-1
-1,-1
-1,-1
-1,-1
-1,0
-1,-1
-1,-1
-1,-1
-1,-1
-1,-1
-1,-1
-1,-1
-1,-1
-1,-1
-1,-1
-1,-1
-1,-1
-1,-1
-1,-1
-1,-1
-1,-1
-1,-1
-1,-1
-1,-1
-1,-1
-1,-1
-1,-1
-1,-1
-1,-1
-1,-1
-1,-1
-1,-1
-1,0
-1,0
-1,-1
-1,-1
-1,-1
-1,-1
-1,-1
-1,-1
-1,-1
-1,-1
115805,7
-1,-1
-1,-1
-1,-1
-1,-1
179823,50
-1,-1
-1,-1
-1,-1
-1,-1
-1,-1
-1,-1
-1,-1
-1,-1
-1,-1
-1,-1
-1,-1
-1,-1
-1,-1
-1,-1
-1,-1
-1,-1
-1,-1
118492,538
-1,-1
-1,-1
-1,-1
