317071,1330,20778810
272999,70,741325
287748,68,613669
290506,73,1046587
295836,72,982643
304252,66,516799
391018,44,57196
366027,61,330771
517055,50,109468
270990,71,882465
399742,56,187155
366993,66,510412
147325,99,13037079
376027,51,118861
361273,51,112843
371809,62,339776
332182,41,42686
284712,70,763476
409348,51,115218
328425,48,83017
389608,32,16633
311321,47,82407
397845,35,23757
324497,45,64567
-1,1,0
-1,-1
-1,-1
-1,-1
-1,-1
-1,-1
-1,-1
-1,-1
-1,-1
-1,-1
-1,-1
-1,-1
278886,1
-1,-1
-1,-1
-1,-1
-1,-1
-1,-1
248537,14
-1,-1
-1,-1
-1,-1
-1,-1
-1,-1
-1,-1
-1,-1
-1,-1
-1,0
-1,-1
-1,-1
-1,-1
-1,-1
-1,-1
-1,-1
-1,-1
-1,-1
-1,-1
-1,-1
-1,-1
-1,-1
-1,-1
-1,-1
-1,-1
-1,-1
-1,-1
-1,-1
-1,-1
-1,-1
-1,-1
-1,-1
-1,-1
-1,-1
-1,-1
-1,-1
-1,-1
-1,0
-1,0
-1,-1
-1,-1
-1,-1
-1,-1
-1,-1
-1,-1
-1,-1
-1,-1
115842,7
-1,-1
-1,-1
-1,-1
-1,-1
179858,50
-1,-1
-1,-1
-1,-1
-1,-1
-1,-1
-1,-1
-1,-1
-1,-1
-1,-1
-1,-1
-1,-1
-1,-1
-1,-1
-1,-1
-1,-1
-1,-1
-1,-1
118509,538
-1,-1
-1,-1
-1,-1
