317098,1330,20778810
273029,70,741325
287785,68,613669
290532,73,1046587
295865,72,982643
304289,66,516799
391048,44,57196
366062,61,330771
517090,50,109468
271019,71,882465
399782,56,187155
367027,66,510412
147333,99,13037079
376046,51,118861
361317,51,112843
371846,62,339776
332203,41,42686
284744,70,763476
409391,51,115218
328464,48,83017
389642,32,16633
311356,47,82407
397883,35,23757
324531,45,64567
-1,1,0
-1,-1
-1,-1
-1,-1
-1,-1
-1,-1
-1,-1
-1,-1
-1,-1
-1,-1
-1,-1
-1,-1
278907,1
-1,-1
-1,-1
-1,-1
-1,-1
-1,-1
248579,14
-1,-1
-1,-1
-1,-1
-1,-1
-1,-1
-1,-1
-1,-1
-1,-1
-1,0
-1,-1
-1,-1
-1,-1
-1,-1
-1,-1
-1,-1
-1,-1
-1,-1
-1,-1
-1,-1
-1,-1
-1,-1
-1,-1
-1,-1
-1,-1
-1,-1
-1,-1
-1,-1
-1,-1
-1,-1
-1,-1
-1,-1
-1,-1
-1,-1
-1,-1
-1,-1
-1,-1
-1,0
-1,0
-1,-1
-1,-1
-1,-1
-1,-1
-1,-1
-1,-1
-1,-1
-1,-1
115864,7
-1,-1
-1,-1
-1,-1
-1,-1
179875,50
-1,-1
-1,-1
-1,-1
-1,-1
-1,-1
-1,-1
-1,-1
-1,-1
-1,-1
-1,-1
-1,-1
-1,-1
-1,-1
-1,-1
-1,-1
-1,-1
-1,-1
118517,538
-1,-1
-1,-1
-1,-1
