317049,1330,20778810
272970,70,741325
287733,68,613669
290478,73,1046587
295807,72,982643
304216,66,516799
390996,44,57196
366000,61,330771
517014,50,109468
270969,71,882465
399711,56,187155
366969,66,510412
147320,99,13037079
376003,51,118861
361232,51,112843
371776,62,339776
332147,41,42686
284695,70,763476
409329,51,115218
328391,48,83017
389578,32,16633
311294,47,82407
397818,35,23757
324463,45,64567
-1,1,0
-1,-1
-1,-1
-1,-1
-1,-1
-1,-1
-1,-1
-1,-1
-1,-1
-1,-1
-1,-1
-1,-1
278863,1
-1,-1
-1,-1
-1,-1
-1,-1
-1,-1
248523,14
-1,-1
-1,-1
-1,-1
-1,-1
-1,-1
-1,-1
-1,-1
-1,-1
-1,0
-1,-1
-1,-1
-1,-1
-1,-1
-1,-1
-1,-1
-1,-1
-1,-1
-1,-1
-1,-1
-1,-1
-1,-1
-1,-1
-1,-1
-1,-1
-1,-1
-1,-1
-1,-1
-1,-1
-1,-1
-1,-1
-1,-1
-1,-1
-1,-1
-1,-1
-1,-1
-1,-1
-1,0
-1,0
-1,-1
-1,-1
-1,-1
-1,-1
-1,-1
-1,-1
-1,-1
-1,-1
115826,7
-1,-1
-1,-1
-1,-1
-1,-1
179849,50
-1,-1
-1,-1
-1,-1
-1,-1
-1,-1
-1,-1
-1,-1
-1,-1
-1,-1
-1,-1
-1,-1
-1,-1
-1,-1
-1,-1
-1,-1
-1,-1
-1,-1
118499,538
-1,-1
-1,-1
-1,-1
