313232,1330,20778810
269246,70,741325
283854,68,613669
286583,73,1046587
291837,72,982643
300585,66,516799
386459,44,57196
361755,61,330771
512043,50,109468
267591,71,882465
395844,56,187155
363349,66,510412
146406,99,13037079
371830,51,118861
356990,51,112843
367444,62,339776
328359,41,42686
281429,70,763476
405027,51,115218
324443,48,83017
385412,32,16633
307423,47,82407
394100,35,23757
320703,45,64567
-1,1,0
-1,-1
-1,-1
-1,-1
-1,-1
-1,-1
-1,-1
-1,-1
-1,-1
-1,-1
-1,-1
-1,-1
276100,1
-1,-1
-1,-1
-1,-1
-1,-1
-1,-1
244904,14
-1,-1
-1,-1
-1,-1
-1,-1
-1,-1
-1,-1
-1,-1
-1,-1
-1,0
-1,-1
-1,-1
-1,-1
-1,-1
-1,-1
-1,-1
-1,-1
-1,-1
-1,-1
-1,-1
-1,-1
-1,-1
-1,-1
-1,-1
-1,-1
-1,-1
-1,-1
-1,-1
-1,-1
-1,-1
-1,-1
-1,-1
-1,-1
-1,-1
-1,-1
-1,-1
-1,-1
-1,0
-1,0
-1,-1
-1,-1
-1,-1
-1,-1
-1,-1
-1,-1
-1,-1
-1,-1
113268,7
-1,-1
-1,-1
-1,-1
-1,-1
177316,50
-1,-1
-1,-1
-1,-1
-1,-1
-1,-1
-1,-1
-1,-1
-1,-1
-1,-1
-1,-1
-1,-1
-1,-1
-1,-1
-1,-1
-1,-1
-1,-1
-1,-1
117956,538
-1,-1
-1,-1
-1,-1
