313250,1330,20778810
269268,70,741325
283876,68,613669
286599,73,1046587
291854,72,982643
300606,66,516799
386475,44,57196
361764,61,330771
512061,50,109468
267606,71,882465
395868,56,187155
363364,66,510412
146411,99,13037079
371858,51,118861
357008,51,112843
367463,62,339776
328387,41,42686
281440,70,763476
405050,51,115218
324456,48,83017
385436,32,16633
307439,47,82407
394115,35,23757
320721,45,64567
-1,1,0
-1,-1
-1,-1
-1,-1
-1,-1
-1,-1
-1,-1
-1,-1
-1,-1
-1,-1
-1,-1
-1,-1
276114,1
-1,-1
-1,-1
-1,-1
-1,-1
-1,-1
244919,14
-1,-1
-1,-1
-1,-1
-1,-1
-1,-1
-1,-1
-1,-1
-1,-1
-1,0
-1,-1
-1,-1
-1,-1
-1,-1
-1,-1
-1,-1
-1,-1
-1,-1
-1,-1
-1,-1
-1,-1
-1,-1
-1,-1
-1,-1
-1,-1
-1,-1
-1,-1
-1,-1
-1,-1
-1,-1
-1,-1
-1,-1
-1,-1
-1,-1
-1,-1
-1,-1
-1,-1
-1,0
-1,0
-1,-1
-1,-1
-1,-1
-1,-1
-1,-1
-1,-1
-1,-1
-1,-1
113278,7
-1,-1
-1,-1
-1,-1
-1,-1
177326,50
-1,-1
-1,-1
-1,-1
-1,-1
-1,-1
-1,-1
-1,-1
-1,-1
-1,-1
-1,-1
-1,-1
-1,-1
-1,-1
-1,-1
-1,-1
-1,-1
-1,-1
117958,538
-1,-1
-1,-1
-1,-1
