308744,1330,20778810
264994,70,741325
279380,68,613669
281872,73,1046587
287344,72,982643
296408,66,516799
380574,44,57196
356605,61,330771
505125,50,109468
263482,71,882465
390820,56,187155
358819,66,510412
145037,99,13037079
366855,51,118861
351880,51,112843
361817,62,339776
324024,41,42686
277310,70,763476
398092,51,115218
319974,48,83017
380031,32,16633
302523,47,82407
388474,35,23757
316121,45,64567
-1,1,0
-1,-1
-1,-1
-1,-1
-1,-1
-1,-1
-1,-1
-1,-1
-1,-1
-1,-1
-1,-1
-1,-1
273084,1
-1,-1
-1,-1
-1,-1
-1,-1
-1,-1
240377,14
-1,-1
-1,-1
-1,-1
-1,-1
-1,-1
-1,-1
-1,-1
-1,-1
-1,0
-1,-1
-1,-1
-1,-1
-1,-1
-1,-1
-1,-1
-1,-1
-1,-1
-1,-1
-1,-1
-1,-1
-1,-1
-1,-1
-1,-1
-1,-1
-1,-1
-1,-1
-1,-1
-1,-1
-1,-1
-1,-1
-1,-1
-1,-1
-1,-1
-1,-1
-1,-1
-1,-1
-1,0
-1,0
-1,-1
-1,-1
-1,-1
-1,-1
-1,-1
-1,-1
-1,-1
-1,-1
110176,7
-1,-1
-1,-1
-1,-1
-1,-1
173830,50
-1,-1
-1,-1
-1,-1
-1,-1
-1,-1
-1,-1
-1,-1
-1,-1
-1,-1
-1,-1
-1,-1
-1,-1
-1,-1
-1,-1
-1,-1
-1,-1
-1,-1
116942,538
-1,-1
-1,-1
-1,-1
