308778,1330,20778810
265007,70,741325
279405,68,613669
281897,73,1046587
287371,72,982643
296446,66,516799
380603,44,57196
356634,61,330771
505172,50,109468
263512,71,882465
390850,56,187155
358846,66,510412
145037,99,13037079
366884,51,118861
351925,51,112843
361850,62,339776
324054,41,42686
277333,70,763476
398133,51,115218
320002,48,83017
380054,32,16633
302568,47,82407
388521,35,23757
316144,45,64567
-1,1,0
-1,-1
-1,-1
-1,-1
-1,-1
-1,-1
-1,-1
-1,-1
-1,-1
-1,-1
-1,-1
-1,-1
273107,1
-1,-1
-1,-1
-1,-1
-1,-1
-1,-1
240420,14
-1,-1
-1,-1
-1,-1
-1,-1
-1,-1
-1,-1
-1,-1
-1,-1
-1,0
-1,-1
-1,-1
-1,-1
-1,-1
-1,-1
-1,-1
-1,-1
-1,-1
-1,-1
-1,-1
-1,-1
-1,-1
-1,-1
-1,-1
-1,-1
-1,-1
-1,-1
-1,-1
-1,-1
-1,-1
-1,-1
-1,-1
-1,-1
-1,-1
-1,-1
-1,-1
-1,-1
-1,0
-1,0
-1,-1
-1,-1
-1,-1
-1,-1
-1,-1
-1,-1
-1,-1
-1,-1
110192,7
-1,-1
-1,-1
-1,-1
-1,-1
173848,50
-1,-1
-1,-1
-1,-1
-1,-1
-1,-1
-1,-1
-1,-1
-1,-1
-1,-1
-1,-1
-1,-1
-1,-1
-1,-1
-1,-1
-1,-1
-1,-1
-1,-1
116947,538
-1,-1
-1,-1
-1,-1
