308699,1330,20778810
264961,70,741325
279353,68,613669
281833,73,1046587
287290,72,982643
296371,66,516799
380518,44,57196
356559,61,330771
505046,50,109468
263436,71,882465
390766,56,187155
358778,66,510412
145035,99,13037079
366807,51,118861
351838,51,112843
361756,62,339776
323993,41,42686
277273,70,763476
398009,51,115218
319936,48,83017
379986,32,16633
302477,47,82407
388414,35,23757
316082,45,64567
-1,1,0
-1,-1
-1,-1
-1,-1
-1,-1
-1,-1
-1,-1
-1,-1
-1,-1
-1,-1
-1,-1
-1,-1
273066,1
-1,-1
-1,-1
-1,-1
-1,-1
-1,-1
240334,14
-1,-1
-1,-1
-1,-1
-1,-1
-1,-1
-1,-1
-1,-1
-1,-1
-1,0
-1,-1
-1,-1
-1,-1
-1,-1
-1,-1
-1,-1
-1,-1
-1,-1
-1,-1
-1,-1
-1,-1
-1,-1
-1,-1
-1,-1
-1,-1
-1,-1
-1,-1
-1,-1
-1,-1
-1,-1
-1,-1
-1,-1
-1,-1
-1,-1
-1,-1
-1,-1
-1,-1
-1,0
-1,0
-1,-1
-1,-1
-1,-1
-1,-1
-1,-1
-1,-1
-1,-1
-1,-1
110144,7
-1,-1
-1,-1
-1,-1
-1,-1
173803,50
-1,-1
-1,-1
-1,-1
-1,-1
-1,-1
-1,-1
-1,-1
-1,-1
-1,-1
-1,-1
-1,-1
-1,-1
-1,-1
-1,-1
-1,-1
-1,-1
-1,-1
116937,538
-1,-1
-1,-1
-1,-1
