308807,1330,20778810
265029,70,741325
279430,68,613669
281926,73,1046587
287399,72,982643
296473,66,516799
380638,44,57196
356663,61,330771
505213,50,109468
263534,71,882465
390882,56,187155
358879,66,510412
145045,99,13037079
366910,51,118861
351955,51,112843
361892,62,339776
324079,41,42686
277359,70,763476
398200,51,115218
320028,48,83017
380089,32,16633
302599,47,82407
388561,35,23757
316182,45,64567
-1,1,0
-1,-1
-1,-1
-1,-1
-1,-1
-1,-1
-1,-1
-1,-1
-1,-1
-1,-1
-1,-1
-1,-1
273128,1
-1,-1
-1,-1
-1,-1
-1,-1
-1,-1
240447,14
-1,-1
-1,-1
-1,-1
-1,-1
-1,-1
-1,-1
-1,-1
-1,-1
-1,0
-1,-1
-1,-1
-1,-1
-1,-1
-1,-1
-1,-1
-1,-1
-1,-1
-1,-1
-1,-1
-1,-1
-1,-1
-1,-1
-1,-1
-1,-1
-1,-1
-1,-1
-1,-1
-1,-1
-1,-1
-1,-1
-1,-1
-1,-1
-1,-1
-1,-1
-1,-1
-1,-1
-1,0
-1,0
-1,-1
-1,-1
-1,-1
-1,-1
-1,-1
-1,-1
-1,-1
-1,-1
110212,7
-1,-1
-1,-1
-1,-1
-1,-1
173873,50
-1,-1
-1,-1
-1,-1
-1,-1
-1,-1
-1,-1
-1,-1
-1,-1
-1,-1
-1,-1
-1,-1
-1,-1
-1,-1
-1,-1
-1,-1
-1,-1
-1,-1
116953,538
-1,-1
-1,-1
-1,-1
