317119,1330,20778810
273050,70,741325
287806,68,613669
290556,73,1046587
295892,72,982643
304313,66,516799
391092,44,57196
366094,61,330771
517114,50,109468
271041,71,882465
399814,56,187155
367049,66,510412
147343,99,13037079
376082,51,118861
361350,51,112843
371872,62,339776
332227,41,42686
284772,70,763476
409421,51,115218
328487,48,83017
389668,32,16633
311385,47,82407
397898,35,23757
324556,45,64567
-1,1,0
-1,-1
-1,-1
-1,-1
-1,-1
-1,-1
-1,-1
-1,-1
-1,-1
-1,-1
-1,-1
-1,-1
278930,1
-1,-1
-1,-1
-1,-1
-1,-1
-1,-1
248605,14
-1,-1
-1,-1
-1,-1
-1,-1
-1,-1
-1,-1
-1,-1
-1,-1
-1,0
-1,-1
-1,-1
-1,-1
-1,-1
-1,-1
-1,-1
-1,-1
-1,-1
-1,-1
-1,-1
-1,-1
-1,-1
-1,-1
-1,-1
-1,-1
-1,-1
-1,-1
-1,-1
-1,-1
-1,-1
-1,-1
-1,-1
-1,-1
-1,-1
-1,-1
-1,-1
-1,-1
-1,0
-1,0
-1,-1
-1,-1
-1,-1
-1,-1
-1,-1
-1,-1
-1,-1
-1,-1
115882,7
-1,-1
-1,-1
-1,-1
-1,-1
179902,50
-1,-1
-1,-1
-1,-1
-1,-1
-1,-1
-1,-1
-1,-1
-1,-1
-1,-1
-1,-1
-1,-1
-1,-1
-1,-1
-1,-1
-1,-1
-1,-1
-1,-1
118519,538
-1,-1
-1,-1
-1,-1
