317218,1330,20778810
273136,70,741325
287881,68,613669
290629,73,1046587
295983,72,982643
304401,66,516799
391183,44,57196
366191,61,330771
517218,50,109468
271123,71,882465
399897,56,187155
367128,66,510412
147370,99,13037079
376167,51,118861
361444,51,112843
371983,62,339776
332312,41,42686
284848,70,763476
409521,51,115218
328583,48,83017
389770,32,16633
311484,47,82407
397969,35,23757
324644,45,64567
-1,1,0
-1,-1
-1,-1
-1,-1
-1,-1
-1,-1
-1,-1
-1,-1
-1,-1
-1,-1
-1,-1
-1,-1
278979,1
-1,-1
-1,-1
-1,-1
-1,-1
-1,-1
248702,14
-1,-1
-1,-1
-1,-1
-1,-1
-1,-1
-1,-1
-1,-1
-1,-1
-1,0
-1,-1
-1,-1
-1,-1
-1,-1
-1,-1
-1,-1
-1,-1
-1,-1
-1,-1
-1,-1
-1,-1
-1,-1
-1,-1
-1,-1
-1,-1
-1,-1
-1,-1
-1,-1
-1,-1
-1,-1
-1,-1
-1,-1
-1,-1
-1,-1
-1,-1
-1,-1
-1,-1
-1,0
-1,0
-1,-1
-1,-1
-1,-1
-1,-1
-1,-1
-1,-1
-1,-1
-1,-1
115941,7
-1,-1
-1,-1
-1,-1
-1,-1
179955,50
-1,-1
-1,-1
-1,-1
-1,-1
-1,-1
-1,-1
-1,-1
-1,-1
-1,-1
-1,-1
-1,-1
-1,-1
-1,-1
-1,-1
-1,-1
-1,-1
-1,-1
118531,538
-1,-1
-1,-1
-1,-1
