317187,1330,20778810
273106,70,741325
287854,68,613669
290608,73,1046587
295958,72,982643
304379,66,516799
391161,44,57196
366160,61,330771
517184,50,109468
271087,71,882465
399875,56,187155
367102,66,510412
147359,99,13037079
376131,51,118861
361420,51,112843
371948,62,339776
332284,41,42686
284822,70,763476
409493,51,115218
328561,48,83017
389730,32,16633
311450,47,82407
397949,35,23757
324619,45,64567
-1,1,0
-1,-1
-1,-1
-1,-1
-1,-1
-1,-1
-1,-1
-1,-1
-1,-1
-1,-1
-1,-1
-1,-1
278966,1
-1,-1
-1,-1
-1,-1
-1,-1
-1,-1
248666,14
-1,-1
-1,-1
-1,-1
-1,-1
-1,-1
-1,-1
-1,-1
-1,-1
-1,0
-1,-1
-1,-1
-1,-1
-1,-1
-1,-1
-1,-1
-1,-1
-1,-1
-1,-1
-1,-1
-1,-1
-1,-1
-1,-1
-1,-1
-1,-1
-1,-1
-1,-1
-1,-1
-1,-1
-1,-1
-1,-1
-1,-1
-1,-1
-1,-1
-1,-1
-1,-1
-1,-1
-1,0
-1,0
-1,-1
-1,-1
-1,-1
-1,-1
-1,-1
-1,-1
-1,-1
-1,-1
115921,7
-1,-1
-1,-1
-1,-1
-1,-1
179939,50
-1,-1
-1,-1
-1,-1
-1,-1
-1,-1
-1,-1
-1,-1
-1,-1
-1,-1
-1,-1
-1,-1
-1,-1
-1,-1
-1,-1
-1,-1
-1,-1
-1,-1
118531,538
-1,-1
-1,-1
-1,-1
