317269,1330,20778810
273174,70,741325
287926,68,613669
290693,73,1046587
296030,72,982643
304442,66,516799
391245,44,57196
366258,61,330771
517288,50,109468
271161,71,882465
399950,56,187155
367196,66,510412
147392,99,13037079
376229,51,118861
361499,51,112843
372031,62,339776
332375,41,42686
284880,70,763476
409583,51,115218
328635,48,83017
389823,32,16633
311537,47,82407
398022,35,23757
324697,45,64567
-1,1,0
-1,-1
-1,-1
-1,-1
-1,-1
-1,-1
-1,-1
-1,-1
-1,-1
-1,-1
-1,-1
-1,-1
279013,1
-1,-1
-1,-1
-1,-1
-1,-1
-1,-1
248747,14
-1,-1
-1,-1
-1,-1
-1,-1
-1,-1
-1,-1
-1,-1
-1,-1
-1,0
-1,-1
-1,-1
-1,-1
-1,-1
-1,-1
-1,-1
-1,-1
-1,-1
-1,-1
-1,-1
-1,-1
-1,-1
-1,-1
-1,-1
-1,-1
-1,-1
-1,-1
-1,-1
-1,-1
-1,-1
-1,-1
-1,-1
-1,-1
-1,-1
-1,-1
-1,-1
-1,-1
-1,0
-1,0
-1,-1
-1,-1
-1,-1
-1,-1
-1,-1
-1,-1
-1,-1
-1,-1
115971,7
-1,-1
-1,-1
-1,-1
-1,-1
179993,50
-1,-1
-1,-1
-1,-1
-1,-1
-1,-1
-1,-1
-1,-1
-1,-1
-1,-1
-1,-1
-1,-1
-1,-1
-1,-1
-1,-1
-1,-1
-1,-1
-1,-1
118544,538
-1,-1
-1,-1
-1,-1
