317156,1330,20778810
273080,70,741325
287833,68,613669
290585,73,1046587
295933,72,982643
304354,66,516799
391130,44,57196
366139,61,330771
517153,50,109468
271072,71,882465
399849,56,187155
367075,66,510412
147353,99,13037079
376114,51,118861
361396,51,112843
371915,62,339776
332260,41,42686
284799,70,763476
409469,51,115218
328525,48,83017
389704,32,16633
311415,47,82407
397930,35,23757
324593,45,64567
-1,1,0
-1,-1
-1,-1
-1,-1
-1,-1
-1,-1
-1,-1
-1,-1
-1,-1
-1,-1
-1,-1
-1,-1
278955,1
-1,-1
-1,-1
-1,-1
-1,-1
-1,-1
248636,14
-1,-1
-1,-1
-1,-1
-1,-1
-1,-1
-1,-1
-1,-1
-1,-1
-1,0
-1,-1
-1,-1
-1,-1
-1,-1
-1,-1
-1,-1
-1,-1
-1,-1
-1,-1
-1,-1
-1,-1
-1,-1
-1,-1
-1,-1
-1,-1
-1,-1
-1,-1
-1,-1
-1,-1
-1,-1
-1,-1
-1,-1
-1,-1
-1,-1
-1,-1
-1,-1
-1,-1
-1,0
-1,0
-1,-1
-1,-1
-1,-1
-1,-1
-1,-1
-1,-1
-1,-1
-1,-1
115906,7
-1,-1
-1,-1
-1,-1
-1,-1
179923,50
-1,-1
-1,-1
-1,-1
-1,-1
-1,-1
-1,-1
-1,-1
-1,-1
-1,-1
-1,-1
-1,-1
-1,-1
-1,-1
-1,-1
-1,-1
-1,-1
-1,-1
118524,538
-1,-1
-1,-1
-1,-1
