317245,1330,20778810
273157,70,741325
287906,68,613669
290666,73,1046587
296013,72,982643
304423,66,516799
391213,44,57196
366228,61,330771
517255,50,109468
271145,71,882465
399930,56,187155
367165,66,510412
147383,99,13037079
376207,51,118861
361477,51,112843
372013,62,339776
332351,41,42686
284870,70,763476
409556,51,115218
328614,48,83017
389799,32,16633
311510,47,82407
397996,35,23757
324667,45,64567
-1,1,0
-1,-1
-1,-1
-1,-1
-1,-1
-1,-1
-1,-1
-1,-1
-1,-1
-1,-1
-1,-1
-1,-1
278997,1
-1,-1
-1,-1
-1,-1
-1,-1
-1,-1
248723,14
-1,-1
-1,-1
-1,-1
-1,-1
-1,-1
-1,-1
-1,-1
-1,-1
-1,0
-1,-1
-1,-1
-1,-1
-1,-1
-1,-1
-1,-1
-1,-1
-1,-1
-1,-1
-1,-1
-1,-1
-1,-1
-1,-1
-1,-1
-1,-1
-1,-1
-1,-1
-1,-1
-1,-1
-1,-1
-1,-1
-1,-1
-1,-1
-1,-1
-1,-1
-1,-1
-1,-1
-1,0
-1,0
-1,-1
-1,-1
-1,-1
-1,-1
-1,-1
-1,-1
-1,-1
-1,-1
115960,7
-1,-1
-1,-1
-1,-1
-1,-1
179976,50
-1,-1
-1,-1
-1,-1
-1,-1
-1,-1
-1,-1
-1,-1
-1,-1
-1,-1
-1,-1
-1,-1
-1,-1
-1,-1
-1,-1
-1,-1
-1,-1
-1,-1
118541,538
-1,-1
-1,-1
-1,-1
