313342,1330,20778810
269366,70,741325
284001,68,613669
286701,73,1046587
291985,72,982643
300729,66,516799
386614,44,57196
361883,61,330771
512181,50,109468
267695,71,882465
395941,56,187155
363433,66,510412
146392,99,13037079
371989,51,118861
357140,51,112843
367494,62,339776
328492,41,42686
281521,70,763476
405181,51,115218
324573,48,83017
385524,32,16633
307543,47,82407
394229,35,23757
320819,45,64567
-1,1,0
-1,-1
-1,-1
-1,-1
-1,-1
-1,-1
-1,-1
-1,-1
-1,-1
-1,-1
-1,-1
-1,-1
276212,1
-1,-1
-1,-1
-1,-1
-1,-1
-1,-1
245013,14
-1,-1
-1,-1
-1,-1
-1,-1
-1,-1
-1,-1
-1,-1
-1,-1
-1,0
-1,-1
-1,-1
-1,-1
-1,-1
-1,-1
-1,-1
-1,-1
-1,-1
-1,-1
-1,-1
-1,-1
-1,-1
-1,-1
-1,-1
-1,-1
-1,-1
-1,-1
-1,-1
-1,-1
-1,-1
-1,-1
-1,-1
-1,-1
-1,-1
-1,-1
-1,-1
-1,-1
-1,0
-1,0
-1,-1
-1,-1
-1,-1
-1,-1
-1,-1
-1,-1
-1,-1
-1,-1
113356,7
-1,-1
-1,-1
-1,-1
-1,-1
177361,50
-1,-1
-1,-1
-1,-1
-1,-1
-1,-1
-1,-1
-1,-1
-1,-1
-1,-1
-1,-1
-1,-1
-1,-1
-1,-1
-1,-1
-1,-1
-1,-1
-1,-1
117926,538
-1,-1
-1,-1
-1,-1
