308862,1330,20778810
265094,70,741325
279483,68,613669
281991,73,1046587
287443,72,982643
296536,66,516799
380698,44,57196
356739,61,330771
505312,50,109468
263590,71,882465
390939,56,187155
358922,66,510412
145061,99,13037079
366967,51,118861
352021,51,112843
361957,62,339776
324124,41,42686
277427,70,763476
398316,51,115218
320084,48,83017
380153,32,16633
302669,47,82407
388649,35,23757
316243,45,64567
-1,1,0
-1,-1
-1,-1
-1,-1
-1,-1
-1,-1
-1,-1
-1,-1
-1,-1
-1,-1
-1,-1
-1,-1
273171,1
-1,-1
-1,-1
-1,-1
-1,-1
-1,-1
240514,14
-1,-1
-1,-1
-1,-1
-1,-1
-1,-1
-1,-1
-1,-1
-1,-1
-1,0
-1,-1
-1,-1
-1,-1
-1,-1
-1,-1
-1,-1
-1,-1
-1,-1
-1,-1
-1,-1
-1,-1
-1,-1
-1,-1
-1,-1
-1,-1
-1,-1
-1,-1
-1,-1
-1,-1
-1,-1
-1,-1
-1,-1
-1,-1
-1,-1
-1,-1
-1,-1
-1,-1
-1,0
-1,0
-1,-1
-1,-1
-1,-1
-1,-1
-1,-1
-1,-1
-1,-1
-1,-1
110254,7
-1,-1
-1,-1
-1,-1
-1,-1
173929,50
-1,-1
-1,-1
-1,-1
-1,-1
-1,-1
-1,-1
-1,-1
-1,-1
-1,-1
-1,-1
-1,-1
-1,-1
-1,-1
-1,-1
-1,-1
-1,-1
-1,-1
116965,538
-1,-1
-1,-1
-1,-1
