308876,1330,20778810
265106,70,741325
279503,68,613669
282003,73,1046587
287458,72,982643
296549,66,516799
380722,44,57196
356753,61,330771
505343,50,109468
263618,71,882465
390957,56,187155
358938,66,510412
145063,99,13037079
366987,51,118861
352030,51,112843
361988,62,339776
324142,41,42686
277448,70,763476
398355,51,115218
320099,48,83017
380177,32,16633
302693,47,82407
388677,35,23757
316266,45,64567
-1,1,0
-1,-1
-1,-1
-1,-1
-1,-1
-1,-1
-1,-1
-1,-1
-1,-1
-1,-1
-1,-1
-1,-1
273186,1
-1,-1
-1,-1
-1,-1
-1,-1
-1,-1
240540,14
-1,-1
-1,-1
-1,-1
-1,-1
-1,-1
-1,-1
-1,-1
-1,-1
-1,0
-1,-1
-1,-1
-1,-1
-1,-1
-1,-1
-1,-1
-1,-1
-1,-1
-1,-1
-1,-1
-1,-1
-1,-1
-1,-1
-1,-1
-1,-1
-1,-1
-1,-1
-1,-1
-1,-1
-1,-1
-1,-1
-1,-1
-1,-1
-1,-1
-1,-1
-1,-1
-1,-1
-1,0
-1,0
-1,-1
-1,-1
-1,-1
-1,-1
-1,-1
-1,-1
-1,-1
-1,-1
110267,7
-1,-1
-1,-1
-1,-1
-1,-1
173947,50
-1,-1
-1,-1
-1,-1
-1,-1
-1,-1
-1,-1
-1,-1
-1,-1
-1,-1
-1,-1
-1,-1
-1,-1
-1,-1
-1,-1
-1,-1
-1,-1
-1,-1
116963,538
-1,-1
-1,-1
-1,-1
