313295,1330,20778810
269320,70,741325
283940,68,613669
286656,73,1046587
291925,72,982643
300685,66,516799
386545,44,57196
361825,61,330771
512114,50,109468
267659,71,882465
395875,56,187155
363391,66,510412
146377,99,13037079
371930,51,118861
357079,51,112843
367424,62,339776
328441,41,42686
281478,70,763476
405101,51,115218
324532,48,83017
385470,32,16633
307482,47,82407
394172,35,23757
320760,45,64567
-1,1,0
-1,-1
-1,-1
-1,-1
-1,-1
-1,-1
-1,-1
-1,-1
-1,-1
-1,-1
-1,-1
-1,-1
276169,1
-1,-1
-1,-1
-1,-1
-1,-1
-1,-1
244966,14
-1,-1
-1,-1
-1,-1
-1,-1
-1,-1
-1,-1
-1,-1
-1,-1
-1,0
-1,-1
-1,-1
-1,-1
-1,-1
-1,-1
-1,-1
-1,-1
-1,-1
-1,-1
-1,-1
-1,-1
-1,-1
-1,-1
-1,-1
-1,-1
-1,-1
-1,-1
-1,-1
-1,-1
-1,-1
-1,-1
-1,-1
-1,-1
-1,-1
-1,-1
-1,-1
-1,-1
-1,0
-1,0
-1,-1
-1,-1
-1,-1
-1,-1
-1,-1
-1,-1
-1,-1
-1,-1
113328,7
-1,-1
-1,-1
-1,-1
-1,-1
177325,50
-1,-1
-1,-1
-1,-1
-1,-1
-1,-1
-1,-1
-1,-1
-1,-1
-1,-1
-1,-1
-1,-1
-1,-1
-1,-1
-1,-1
-1,-1
-1,-1
-1,-1
117912,538
-1,-1
-1,-1
-1,-1
