313363,1330,20778810
269389,70,741325
284025,68,613669
286724,73,1046587
292009,72,982643
300744,66,516799
386642,44,57196
361909,61,330771
512224,50,109468
267712,71,882465
395970,56,187155
363451,66,510412
146396,99,13037079
372016,51,118861
357163,51,112843
367512,62,339776
328506,41,42686
281539,70,763476
405211,51,115218
324587,48,83017
385541,32,16633
307562,47,82407
394244,35,23757
320835,45,64567
-1,1,0
-1,-1
-1,-1
-1,-1
-1,-1
-1,-1
-1,-1
-1,-1
-1,-1
-1,-1
-1,-1
-1,-1
276228,1
-1,-1
-1,-1
-1,-1
-1,-1
-1,-1
245034,14
-1,-1
-1,-1
-1,-1
-1,-1
-1,-1
-1,-1
-1,-1
-1,-1
-1,0
-1,-1
-1,-1
-1,-1
-1,-1
-1,-1
-1,-1
-1,-1
-1,-1
-1,-1
-1,-1
-1,-1
-1,-1
-1,-1
-1,-1
-1,-1
-1,-1
-1,-1
-1,-1
-1,-1
-1,-1
-1,-1
-1,-1
-1,-1
-1,-1
-1,-1
-1,-1
-1,-1
-1,0
-1,0
-1,-1
-1,-1
-1,-1
-1,-1
-1,-1
-1,-1
-1,-1
-1,-1
113369,7
-1,-1
-1,-1
-1,-1
-1,-1
177383,50
-1,-1
-1,-1
-1,-1
-1,-1
-1,-1
-1,-1
-1,-1
-1,-1
-1,-1
-1,-1
-1,-1
-1,-1
-1,-1
-1,-1
-1,-1
-1,-1
-1,-1
117933,538
-1,-1
-1,-1
-1,-1
