308927,1330,20778810
265137,70,741325
279540,68,613669
282038,73,1046587
287487,72,982643
296584,66,516799
380764,44,57196
356791,61,330771
505412,50,109468
263643,71,882465
390976,56,187155
358987,66,510412
145067,99,13037079
367034,51,118861
352070,51,112843
362039,62,339776
324180,41,42686
277479,70,763476
398421,51,115218
320132,48,83017
380217,32,16633
302737,47,82407
388739,35,23757
316305,45,64567
-1,1,0
-1,-1
-1,-1
-1,-1
-1,-1
-1,-1
-1,-1
-1,-1
-1,-1
-1,-1
-1,-1
-1,-1
273215,1
-1,-1
-1,-1
-1,-1
-1,-1
-1,-1
240582,14
-1,-1
-1,-1
-1,-1
-1,-1
-1,-1
-1,-1
-1,-1
-1,-1
-1,0
-1,-1
-1,-1
-1,-1
-1,-1
-1,-1
-1,-1
-1,-1
-1,-1
-1,-1
-1,-1
-1,-1
-1,-1
-1,-1
-1,-1
-1,-1
-1,-1
-1,-1
-1,-1
-1,-1
-1,-1
-1,-1
-1,-1
-1,-1
-1,-1
-1,-1
-1,-1
-1,-1
-1,0
-1,0
-1,-1
-1,-1
-1,-1
-1,-1
-1,-1
-1,-1
-1,-1
-1,-1
110303,7
-1,-1
-1,-1
-1,-1
-1,-1
173970,50
-1,-1
-1,-1
-1,-1
-1,-1
-1,-1
-1,-1
-1,-1
-1,-1
-1,-1
-1,-1
-1,-1
-1,-1
-1,-1
-1,-1
-1,-1
-1,-1
-1,-1
116965,538
-1,-1
-1,-1
-1,-1
