308904,1330,20778810
265125,70,741325
279531,68,613669
282028,73,1046587
287474,72,982643
296571,66,516799
380750,44,57196
356775,61,330771
505391,50,109468
263634,71,882465
390966,56,187155
358970,66,510412
145064,99,13037079
367015,51,118861
352059,51,112843
362018,62,339776
324165,41,42686
277468,70,763476
398397,51,115218
320116,48,83017
380199,32,16633
302720,47,82407
388715,35,23757
316291,45,64567
-1,1,0
-1,-1
-1,-1
-1,-1
-1,-1
-1,-1
-1,-1
-1,-1
-1,-1
-1,-1
-1,-1
-1,-1
273204,1
-1,-1
-1,-1
-1,-1
-1,-1
-1,-1
240565,14
-1,-1
-1,-1
-1,-1
-1,-1
-1,-1
-1,-1
-1,-1
-1,-1
-1,0
-1,-1
-1,-1
-1,-1
-1,-1
-1,-1
-1,-1
-1,-1
-1,-1
-1,-1
-1,-1
-1,-1
-1,-1
-1,-1
-1,-1
-1,-1
-1,-1
-1,-1
-1,-1
-1,-1
-1,-1
-1,-1
-1,-1
-1,-1
-1,-1
-1,-1
-1,-1
-1,-1
-1,0
-1,0
-1,-1
-1,-1
-1,-1
-1,-1
-1,-1
-1,-1
-1,-1
-1,-1
110285,7
-1,-1
-1,-1
-1,-1
-1,-1
173959,50
-1,-1
-1,-1
-1,-1
-1,-1
-1,-1
-1,-1
-1,-1
-1,-1
-1,-1
-1,-1
-1,-1
-1,-1
-1,-1
-1,-1
-1,-1
-1,-1
-1,-1
116963,538
-1,-1
-1,-1
-1,-1
