308852,1330,20778810
265080,70,741325
279473,68,613669
281978,73,1046587
287437,72,982643
296521,66,516799
380689,44,57196
356728,61,330771
505294,50,109468
263579,71,882465
390937,56,187155
358926,66,510412
145059,99,13037079
366956,51,118861
352010,51,112843
361946,62,339776
324121,41,42686
277415,70,763476
398298,51,115218
320078,48,83017
380140,32,16633
302665,47,82407
388633,35,23757
316228,45,64567
-1,1,0
-1,-1
-1,-1
-1,-1
-1,-1
-1,-1
-1,-1
-1,-1
-1,-1
-1,-1
-1,-1
-1,-1
273166,1
-1,-1
-1,-1
-1,-1
-1,-1
-1,-1
240511,14
-1,-1
-1,-1
-1,-1
-1,-1
-1,-1
-1,-1
-1,-1
-1,-1
-1,0
-1,-1
-1,-1
-1,-1
-1,-1
-1,-1
-1,-1
-1,-1
-1,-1
-1,-1
-1,-1
-1,-1
-1,-1
-1,-1
-1,-1
-1,-1
-1,-1
-1,-1
-1,-1
-1,-1
-1,-1
-1,-1
-1,-1
-1,-1
-1,-1
-1,-1
-1,-1
-1,-1
-1,0
-1,0
-1,-1
-1,-1
-1,-1
-1,-1
-1,-1
-1,-1
-1,-1
-1,-1
110247,7
-1,-1
-1,-1
-1,-1
-1,-1
173920,50
-1,-1
-1,-1
-1,-1
-1,-1
-1,-1
-1,-1
-1,-1
-1,-1
-1,-1
-1,-1
-1,-1
-1,-1
-1,-1
-1,-1
-1,-1
-1,-1
-1,-1
116970,538
-1,-1
-1,-1
-1,-1
