313282,1330,20778810
269297,70,741325
283897,68,613669
286622,73,1046587
291887,72,982643
300642,66,516799
386518,44,57196
361786,61,330771
512098,50,109468
267629,71,882465
395912,56,187155
363391,66,510412
146421,99,13037079
371896,51,118861
357037,51,112843
367495,62,339776
328413,41,42686
281466,70,763476
405089,51,115218
324486,48,83017
385467,32,16633
307472,47,82407
394146,35,23757
320743,45,64567
-1,1,0
-1,-1
-1,-1
-1,-1
-1,-1
-1,-1
-1,-1
-1,-1
-1,-1
-1,-1
-1,-1
-1,-1
276136,1
-1,-1
-1,-1
-1,-1
-1,-1
-1,-1
244951,14
-1,-1
-1,-1
-1,-1
-1,-1
-1,-1
-1,-1
-1,-1
-1,-1
-1,0
-1,-1
-1,-1
-1,-1
-1,-1
-1,-1
-1,-1
-1,-1
-1,-1
-1,-1
-1,-1
-1,-1
-1,-1
-1,-1
-1,-1
-1,-1
-1,-1
-1,-1
-1,-1
-1,-1
-1,-1
-1,-1
-1,-1
-1,-1
-1,-1
-1,-1
-1,-1
-1,-1
-1,0
-1,0
-1,-1
-1,-1
-1,-1
-1,-1
-1,-1
-1,-1
-1,-1
-1,-1
113300,7
-1,-1
-1,-1
-1,-1
-1,-1
177346,50
-1,-1
-1,-1
-1,-1
-1,-1
-1,-1
-1,-1
-1,-1
-1,-1
-1,-1
-1,-1
-1,-1
-1,-1
-1,-1
-1,-1
-1,-1
-1,-1
-1,-1
117964,538
-1,-1
-1,-1
-1,-1
