317371,1330,20778810
273273,70,741325
288026,68,613669
290784,73,1046587
296112,72,982643
304517,66,516799
391362,44,57196
366398,61,330771
517444,50,109468
271234,71,882465
400077,56,187155
367296,66,510412
147417,99,13037079
376353,51,118861
361601,51,112843
372131,62,339776
332476,41,42686
284967,70,763476
409709,51,115218
328743,48,83017
389932,32,16633
311665,47,82407
398121,35,23757
324812,45,64567
-1,1,0
-1,-1
-1,-1
-1,-1
-1,-1
-1,-1
-1,-1
-1,-1
-1,-1
-1,-1
-1,-1
-1,-1
279089,1
-1,-1
-1,-1
-1,-1
-1,-1
-1,-1
248861,14
-1,-1
-1,-1
-1,-1
-1,-1
-1,-1
-1,-1
-1,-1
-1,-1
-1,0
-1,-1
-1,-1
-1,-1
-1,-1
-1,-1
-1,-1
-1,-1
-1,-1
-1,-1
-1,-1
-1,-1
-1,-1
-1,-1
-1,-1
-1,-1
-1,-1
-1,-1
-1,-1
-1,-1
-1,-1
-1,-1
-1,-1
-1,-1
-1,-1
-1,-1
-1,-1
-1,-1
-1,0
-1,0
-1,-1
-1,-1
-1,-1
-1,-1
-1,-1
-1,-1
-1,-1
-1,-1
116024,7
-1,-1
-1,-1
-1,-1
-1,-1
180091,50
-1,-1
-1,-1
-1,-1
-1,-1
-1,-1
-1,-1
-1,-1
-1,-1
-1,-1
-1,-1
-1,-1
-1,-1
-1,-1
-1,-1
-1,-1
-1,-1
-1,-1
118578,538
-1,-1
-1,-1
-1,-1
