317334,1330,20778810
273240,70,741325
287985,68,613669
290754,73,1046587
296087,72,982643
304497,66,516799
391327,44,57196
366353,61,330771
517390,50,109468
271216,71,882465
400042,56,187155
367265,66,510412
147401,99,13037079
376316,51,118861
361570,51,112843
372092,62,339776
332433,41,42686
284943,70,763476
409667,51,115218
328710,48,83017
389884,32,16633
311622,47,82407
398090,35,23757
324769,45,64567
-1,1,0
-1,-1
-1,-1
-1,-1
-1,-1
-1,-1
-1,-1
-1,-1
-1,-1
-1,-1
-1,-1
-1,-1
279058,1
-1,-1
-1,-1
-1,-1
-1,-1
-1,-1
248819,14
-1,-1
-1,-1
-1,-1
-1,-1
-1,-1
-1,-1
-1,-1
-1,-1
-1,0
-1,-1
-1,-1
-1,-1
-1,-1
-1,-1
-1,-1
-1,-1
-1,-1
-1,-1
-1,-1
-1,-1
-1,-1
-1,-1
-1,-1
-1,-1
-1,-1
-1,-1
-1,-1
-1,-1
-1,-1
-1,-1
-1,-1
-1,-1
-1,-1
-1,-1
-1,-1
-1,-1
-1,0
-1,0
-1,-1
-1,-1
-1,-1
-1,-1
-1,-1
-1,-1
-1,-1
-1,-1
116013,7
-1,-1
-1,-1
-1,-1
-1,-1
180060,50
-1,-1
-1,-1
-1,-1
-1,-1
-1,-1
-1,-1
-1,-1
-1,-1
-1,-1
-1,-1
-1,-1
-1,-1
-1,-1
-1,-1
-1,-1
-1,-1
-1,-1
118571,538
-1,-1
-1,-1
-1,-1
