317307,1330,20778810
273212,70,741325
287960,68,613669
290726,73,1046587
296057,72,982643
304474,66,516799
391290,44,57196
366312,61,330771
517347,50,109468
271189,71,882465
399995,56,187155
367239,66,510412
147397,99,13037079
376281,51,118861
361546,51,112843
372069,62,339776
332404,41,42686
284917,70,763476
409632,51,115218
328676,48,83017
389859,32,16633
311586,47,82407
398054,35,23757
324738,45,64567
-1,1,0
-1,-1
-1,-1
-1,-1
-1,-1
-1,-1
-1,-1
-1,-1
-1,-1
-1,-1
-1,-1
-1,-1
279038,1
-1,-1
-1,-1
-1,-1
-1,-1
-1,-1
248783,14
-1,-1
-1,-1
-1,-1
-1,-1
-1,-1
-1,-1
-1,-1
-1,-1
-1,0
-1,-1
-1,-1
-1,-1
-1,-1
-1,-1
-1,-1
-1,-1
-1,-1
-1,-1
-1,-1
-1,-1
-1,-1
-1,-1
-1,-1
-1,-1
-1,-1
-1,-1
-1,-1
-1,-1
-1,-1
-1,-1
-1,-1
-1,-1
-1,-1
-1,-1
-1,-1
-1,-1
-1,0
-1,0
-1,-1
-1,-1
-1,-1
-1,-1
-1,-1
-1,-1
-1,-1
-1,-1
115992,7
-1,-1
-1,-1
-1,-1
-1,-1
180031,50
-1,-1
-1,-1
-1,-1
-1,-1
-1,-1
-1,-1
-1,-1
-1,-1
-1,-1
-1,-1
-1,-1
-1,-1
-1,-1
-1,-1
-1,-1
-1,-1
-1,-1
118555,538
-1,-1
-1,-1
-1,-1
