317402,1330,20778810
273306,70,741325
288064,68,613669
290812,73,1046587
296146,72,982643
304547,66,516799
391388,44,57196
366437,61,330771
517484,50,109468
271259,71,882465
400108,56,187155
367322,66,510412
147428,99,13037079
376384,51,118861
361636,51,112843
372165,62,339776
332503,41,42686
284998,70,763476
409742,51,115218
328774,48,83017
389974,32,16633
311702,47,82407
398155,35,23757
324836,45,64567
-1,1,0
-1,-1
-1,-1
-1,-1
-1,-1
-1,-1
-1,-1
-1,-1
-1,-1
-1,-1
-1,-1
-1,-1
279117,1
-1,-1
-1,-1
-1,-1
-1,-1
-1,-1
248899,14
-1,-1
-1,-1
-1,-1
-1,-1
-1,-1
-1,-1
-1,-1
-1,-1
-1,0
-1,-1
-1,-1
-1,-1
-1,-1
-1,-1
-1,-1
-1,-1
-1,-1
-1,-1
-1,-1
-1,-1
-1,-1
-1,-1
-1,-1
-1,-1
-1,-1
-1,-1
-1,-1
-1,-1
-1,-1
-1,-1
-1,-1
-1,-1
-1,-1
-1,-1
-1,-1
-1,-1
-1,0
-1,0
-1,-1
-1,-1
-1,-1
-1,-1
-1,-1
-1,-1
-1,-1
-1,-1
116044,7
-1,-1
-1,-1
-1,-1
-1,-1
180122,50
-1,-1
-1,-1
-1,-1
-1,-1
-1,-1
-1,-1
-1,-1
-1,-1
-1,-1
-1,-1
-1,-1
-1,-1
-1,-1
-1,-1
-1,-1
-1,-1
-1,-1
118586,538
-1,-1
-1,-1
-1,-1
