309006,1330,20778810
265193,70,741325
279616,68,613669
282114,73,1046587
287560,72,982643
296651,66,516799
380866,44,57196
356862,61,330771
505526,50,109468
263720,71,882465
391053,56,187155
359047,66,510412
145094,99,13037079
367117,51,118861
352161,51,112843
362152,62,339776
324247,41,42686
277554,70,763476
398573,51,115218
320209,48,83017
380302,32,16633
302836,47,82407
388850,35,23757
316377,45,64567
-1,1,0
-1,-1
-1,-1
-1,-1
-1,-1
-1,-1
-1,-1
-1,-1
-1,-1
-1,-1
-1,-1
-1,-1
273261,1
-1,-1
-1,-1
-1,-1
-1,-1
-1,-1
240673,14
-1,-1
-1,-1
-1,-1
-1,-1
-1,-1
-1,-1
-1,-1
-1,-1
-1,0
-1,-1
-1,-1
-1,-1
-1,-1
-1,-1
-1,-1
-1,-1
-1,-1
-1,-1
-1,-1
-1,-1
-1,-1
-1,-1
-1,-1
-1,-1
-1,-1
-1,-1
-1,-1
-1,-1
-1,-1
-1,-1
-1,-1
-1,-1
-1,-1
-1,-1
-1,-1
-1,-1
-1,0
-1,0
-1,-1
-1,-1
-1,-1
-1,-1
-1,-1
-1,-1
-1,-1
-1,-1
110358,7
-1,-1
-1,-1
-1,-1
-1,-1
174028,50
-1,-1
-1,-1
-1,-1
-1,-1
-1,-1
-1,-1
-1,-1
-1,-1
-1,-1
-1,-1
-1,-1
-1,-1
-1,-1
-1,-1
-1,-1
-1,-1
-1,-1
116994,538
-1,-1
-1,-1
-1,-1
