308994,1330,20778810
265185,70,741325
279607,68,613669
282105,73,1046587
287549,72,982643
296640,66,516799
380852,44,57196
356855,61,330771
505512,50,109468
263709,71,882465
391040,56,187155
359038,66,510412
145089,99,13037079
367099,51,118861
352147,51,112843
362132,62,339776
324237,41,42686
277535,70,763476
398536,51,115218
320198,48,83017
380287,32,16633
302816,47,82407
388839,35,23757
316359,45,64567
-1,1,0
-1,-1
-1,-1
-1,-1
-1,-1
-1,-1
-1,-1
-1,-1
-1,-1
-1,-1
-1,-1
-1,-1
273251,1
-1,-1
-1,-1
-1,-1
-1,-1
-1,-1
240651,14
-1,-1
-1,-1
-1,-1
-1,-1
-1,-1
-1,-1
-1,-1
-1,-1
-1,0
-1,-1
-1,-1
-1,-1
-1,-1
-1,-1
-1,-1
-1,-1
-1,-1
-1,-1
-1,-1
-1,-1
-1,-1
-1,-1
-1,-1
-1,-1
-1,-1
-1,-1
-1,-1
-1,-1
-1,-1
-1,-1
-1,-1
-1,-1
-1,-1
-1,-1
-1,-1
-1,-1
-1,0
-1,0
-1,-1
-1,-1
-1,-1
-1,-1
-1,-1
-1,-1
-1,-1
-1,-1
110353,7
-1,-1
-1,-1
-1,-1
-1,-1
174018,50
-1,-1
-1,-1
-1,-1
-1,-1
-1,-1
-1,-1
-1,-1
-1,-1
-1,-1
-1,-1
-1,-1
-1,-1
-1,-1
-1,-1
-1,-1
-1,-1
-1,-1
116987,538
-1,-1
-1,-1
-1,-1
