313411,1330,20778810
269445,70,741325
284091,68,613669
286765,73,1046587
292065,72,982643
300799,66,516799
386703,44,57196
361977,61,330771
512308,50,109468
267756,71,882465
396027,56,187155
363503,66,510412
146417,99,13037079
372095,51,118861
357220,51,112843
367572,62,339776
328568,41,42686
281605,70,763476
405284,51,115218
324659,48,83017
385602,32,16633
307629,47,82407
394307,35,23757
320891,45,64567
-1,1,0
-1,-1
-1,-1
-1,-1
-1,-1
-1,-1
-1,-1
-1,-1
-1,-1
-1,-1
-1,-1
-1,-1
276268,1
-1,-1
-1,-1
-1,-1
-1,-1
-1,-1
245088,14
-1,-1
-1,-1
-1,-1
-1,-1
-1,-1
-1,-1
-1,-1
-1,-1
-1,0
-1,-1
-1,-1
-1,-1
-1,-1
-1,-1
-1,-1
-1,-1
-1,-1
-1,-1
-1,-1
-1,-1
-1,-1
-1,-1
-1,-1
-1,-1
-1,-1
-1,-1
-1,-1
-1,-1
-1,-1
-1,-1
-1,-1
-1,-1
-1,-1
-1,-1
-1,-1
-1,-1
-1,0
-1,0
-1,-1
-1,-1
-1,-1
-1,-1
-1,-1
-1,-1
-1,-1
-1,-1
113419,7
-1,-1
-1,-1
-1,-1
-1,-1
177427,50
-1,-1
-1,-1
-1,-1
-1,-1
-1,-1
-1,-1
-1,-1
-1,-1
-1,-1
-1,-1
-1,-1
-1,-1
-1,-1
-1,-1
-1,-1
-1,-1
-1,-1
117960,538
-1,-1
-1,-1
-1,-1
