309080,1330,20778810
265267,70,741325
279701,68,613669
282203,73,1046587
287659,72,982643
296742,66,516799
380958,44,57196
356950,61,330771
505648,50,109468
263806,71,882465
391144,56,187155
359131,66,510412
145123,99,13037079
367200,51,118861
352251,51,112843
362242,62,339776
324329,41,42686
277619,70,763476
398746,51,115218
320295,48,83017
380401,32,16633
302913,47,82407
388981,35,23757
316449,45,64567
-1,1,0
-1,-1
-1,-1
-1,-1
-1,-1
-1,-1
-1,-1
-1,-1
-1,-1
-1,-1
-1,-1
-1,-1
273323,1
-1,-1
-1,-1
-1,-1
-1,-1
-1,-1
240727,14
-1,-1
-1,-1
-1,-1
-1,-1
-1,-1
-1,-1
-1,-1
-1,-1
-1,0
-1,-1
-1,-1
-1,-1
-1,-1
-1,-1
-1,-1
-1,-1
-1,-1
-1,-1
-1,-1
-1,-1
-1,-1
-1,-1
-1,-1
-1,-1
-1,-1
-1,-1
-1,-1
-1,-1
-1,-1
-1,-1
-1,-1
-1,-1
-1,-1
-1,-1
-1,-1
-1,-1
-1,0
-1,0
-1,-1
-1,-1
-1,-1
-1,-1
-1,-1
-1,-1
-1,-1
-1,-1
110406,7
-1,-1
-1,-1
-1,-1
-1,-1
174093,50
-1,-1
-1,-1
-1,-1
-1,-1
-1,-1
-1,-1
-1,-1
-1,-1
-1,-1
-1,-1
-1,-1
-1,-1
-1,-1
-1,-1
-1,-1
-1,-1
-1,-1
117008,538
-1,-1
-1,-1
-1,-1
