309056,1330,20778810
265243,70,741325
279674,68,613669
282176,73,1046587
287627,72,982643
296714,66,516799
380927,44,57196
356915,61,330771
505602,50,109468
263775,71,882465
391108,56,187155
359098,66,510412
145107,99,13037079
367171,51,118861
352222,51,112843
362214,62,339776
324300,41,42686
277596,70,763476
398684,51,115218
320262,48,83017
380369,32,16633
302879,47,82407
388930,35,23757
316421,45,64567
-1,1,0
-1,-1
-1,-1
-1,-1
-1,-1
-1,-1
-1,-1
-1,-1
-1,-1
-1,-1
-1,-1
-1,-1
273299,1
-1,-1
-1,-1
-1,-1
-1,-1
-1,-1
240704,14
-1,-1
-1,-1
-1,-1
-1,-1
-1,-1
-1,-1
-1,-1
-1,-1
-1,0
-1,-1
-1,-1
-1,-1
-1,-1
-1,-1
-1,-1
-1,-1
-1,-1
-1,-1
-1,-1
-1,-1
-1,-1
-1,-1
-1,-1
-1,-1
-1,-1
-1,-1
-1,-1
-1,-1
-1,-1
-1,-1
-1,-1
-1,-1
-1,-1
-1,-1
-1,-1
-1,-1
-1,0
-1,0
-1,-1
-1,-1
-1,-1
-1,-1
-1,-1
-1,-1
-1,-1
-1,-1
110396,7
-1,-1
-1,-1
-1,-1
-1,-1
174073,50
-1,-1
-1,-1
-1,-1
-1,-1
-1,-1
-1,-1
-1,-1
-1,-1
-1,-1
-1,-1
-1,-1
-1,-1
-1,-1
-1,-1
-1,-1
-1,-1
-1,-1
117000,538
-1,-1
-1,-1
-1,-1
