308976,1330,20778810
265173,70,741325
279588,68,613669
282086,73,1046587
287530,72,982643
296620,66,516799
380829,44,57196
356840,61,330771
505488,50,109468
263691,71,882465
391017,56,187155
359022,66,510412
145083,99,13037079
367077,51,118861
352126,51,112843
362103,62,339776
324227,41,42686
277521,70,763476
398492,51,115218
320179,48,83017
380269,32,16633
302793,47,82407
388807,35,23757
316349,45,64567
-1,1,0
-1,-1
-1,-1
-1,-1
-1,-1
-1,-1
-1,-1
-1,-1
-1,-1
-1,-1
-1,-1
-1,-1
273242,1
-1,-1
-1,-1
-1,-1
-1,-1
-1,-1
240628,14
-1,-1
-1,-1
-1,-1
-1,-1
-1,-1
-1,-1
-1,-1
-1,-1
-1,0
-1,-1
-1,-1
-1,-1
-1,-1
-1,-1
-1,-1
-1,-1
-1,-1
-1,-1
-1,-1
-1,-1
-1,-1
-1,-1
-1,-1
-1,-1
-1,-1
-1,-1
-1,-1
-1,-1
-1,-1
-1,-1
-1,-1
-1,-1
-1,-1
-1,-1
-1,-1
-1,-1
-1,0
-1,0
-1,-1
-1,-1
-1,-1
-1,-1
-1,-1
-1,-1
-1,-1
-1,-1
110336,7
-1,-1
-1,-1
-1,-1
-1,-1
174000,50
-1,-1
-1,-1
-1,-1
-1,-1
-1,-1
-1,-1
-1,-1
-1,-1
-1,-1
-1,-1
-1,-1
-1,-1
-1,-1
-1,-1
-1,-1
-1,-1
-1,-1
116983,538
-1,-1
-1,-1
-1,-1
