313459,1330,20778810
269478,70,741325
284120,68,613669
286791,73,1046587
292101,72,982643
300838,66,516799
386764,44,57196
362023,61,330771
512357,50,109468
267796,71,882465
396067,56,187155
363534,66,510412
146433,99,13037079
372157,51,118861
357260,51,112843
367609,62,339776
328609,41,42686
281657,70,763476
405340,51,115218
324690,48,83017
385652,32,16633
307682,47,82407
394350,35,23757
320924,45,64567
-1,1,0
-1,-1
-1,-1
-1,-1
-1,-1
-1,-1
-1,-1
-1,-1
-1,-1
-1,-1
-1,-1
-1,-1
276287,1
-1,-1
-1,-1
-1,-1
-1,-1
-1,-1
245130,14
-1,-1
-1,-1
-1,-1
-1,-1
-1,-1
-1,-1
-1,-1
-1,-1
-1,0
-1,-1
-1,-1
-1,-1
-1,-1
-1,-1
-1,-1
-1,-1
-1,-1
-1,-1
-1,-1
-1,-1
-1,-1
-1,-1
-1,-1
-1,-1
-1,-1
-1,-1
-1,-1
-1,-1
-1,-1
-1,-1
-1,-1
-1,-1
-1,-1
-1,-1
-1,-1
-1,-1
-1,0
-1,0
-1,-1
-1,-1
-1,-1
-1,-1
-1,-1
-1,-1
-1,-1
-1,-1
113446,7
-1,-1
-1,-1
-1,-1
-1,-1
177469,50
-1,-1
-1,-1
-1,-1
-1,-1
-1,-1
-1,-1
-1,-1
-1,-1
-1,-1
-1,-1
-1,-1
-1,-1
-1,-1
-1,-1
-1,-1
-1,-1
-1,-1
117975,538
-1,-1
-1,-1
-1,-1
