317545,1330,20778810
273447,70,741325
288221,68,613669
290943,73,1046587
296318,72,982643
304683,66,516799
391555,44,57196
366573,61,330771
517679,50,109468
271399,71,882465
400274,56,187155
367454,66,510412
147478,99,13037079
376521,51,118861
361789,51,112843
372336,62,339776
332634,41,42686
285120,70,763476
409907,51,115218
328918,48,83017
390149,32,16633
311855,47,82407
398309,35,23757
324991,45,64567
-1,1,0
-1,-1
-1,-1
-1,-1
-1,-1
-1,-1
-1,-1
-1,-1
-1,-1
-1,-1
-1,-1
-1,-1
279207,1
-1,-1
-1,-1
-1,-1
-1,-1
-1,-1
249058,14
-1,-1
-1,-1
-1,-1
-1,-1
-1,-1
-1,-1
-1,-1
-1,-1
-1,0
-1,-1
-1,-1
-1,-1
-1,-1
-1,-1
-1,-1
-1,-1
-1,-1
-1,-1
-1,-1
-1,-1
-1,-1
-1,-1
-1,-1
-1,-1
-1,-1
-1,-1
-1,-1
-1,-1
-1,-1
-1,-1
-1,-1
-1,-1
-1,-1
-1,-1
-1,-1
-1,-1
-1,0
-1,0
-1,-1
-1,-1
-1,-1
-1,-1
-1,-1
-1,-1
-1,-1
-1,-1
116127,7
-1,-1
-1,-1
-1,-1
-1,-1
180223,50
-1,-1
-1,-1
-1,-1
-1,-1
-1,-1
-1,-1
-1,-1
-1,-1
-1,-1
-1,-1
-1,-1
-1,-1
-1,-1
-1,-1
-1,-1
-1,-1
-1,-1
118635,538
-1,-1
-1,-1
-1,-1
