317433,1330,20778810
273334,70,741325
288086,68,613669
290832,73,1046587
296170,72,982643
304573,66,516799
391420,44,57196
366467,61,330771
517521,50,109468
271279,71,882465
400136,56,187155
367355,66,510412
147440,99,13037079
376412,51,118861
361664,51,112843
372196,62,339776
332534,41,42686
285025,70,763476
409770,51,115218
328806,48,83017
390005,32,16633
311719,47,82407
398180,35,23757
324869,45,64567
-1,1,0
-1,-1
-1,-1
-1,-1
-1,-1
-1,-1
-1,-1
-1,-1
-1,-1
-1,-1
-1,-1
-1,-1
279137,1
-1,-1
-1,-1
-1,-1
-1,-1
-1,-1
248924,14
-1,-1
-1,-1
-1,-1
-1,-1
-1,-1
-1,-1
-1,-1
-1,-1
-1,0
-1,-1
-1,-1
-1,-1
-1,-1
-1,-1
-1,-1
-1,-1
-1,-1
-1,-1
-1,-1
-1,-1
-1,-1
-1,-1
-1,-1
-1,-1
-1,-1
-1,-1
-1,-1
-1,-1
-1,-1
-1,-1
-1,-1
-1,-1
-1,-1
-1,-1
-1,-1
-1,-1
-1,0
-1,0
-1,-1
-1,-1
-1,-1
-1,-1
-1,-1
-1,-1
-1,-1
-1,-1
116049,7
-1,-1
-1,-1
-1,-1
-1,-1
180141,50
-1,-1
-1,-1
-1,-1
-1,-1
-1,-1
-1,-1
-1,-1
-1,-1
-1,-1
-1,-1
-1,-1
-1,-1
-1,-1
-1,-1
-1,-1
-1,-1
-1,-1
118593,538
-1,-1
-1,-1
-1,-1
