317499,1330,20778810
273395,70,741325
288155,68,613669
290893,73,1046587
296255,72,982643
304643,66,516799
391505,44,57196
366526,61,330771
517615,50,109468
271346,71,882465
400224,56,187155
367412,66,510412
147464,99,13037079
376456,51,118861
361738,51,112843
372265,62,339776
332604,41,42686
285089,70,763476
409844,51,115218
328880,48,83017
390096,32,16633
311795,47,82407
398258,35,23757
324944,45,64567
-1,1,0
-1,-1
-1,-1
-1,-1
-1,-1
-1,-1
-1,-1
-1,-1
-1,-1
-1,-1
-1,-1
-1,-1
279176,1
-1,-1
-1,-1
-1,-1
-1,-1
-1,-1
249004,14
-1,-1
-1,-1
-1,-1
-1,-1
-1,-1
-1,-1
-1,-1
-1,-1
-1,0
-1,-1
-1,-1
-1,-1
-1,-1
-1,-1
-1,-1
-1,-1
-1,-1
-1,-1
-1,-1
-1,-1
-1,-1
-1,-1
-1,-1
-1,-1
-1,-1
-1,-1
-1,-1
-1,-1
-1,-1
-1,-1
-1,-1
-1,-1
-1,-1
-1,-1
-1,-1
-1,-1
-1,0
-1,0
-1,-1
-1,-1
-1,-1
-1,-1
-1,-1
-1,-1
-1,-1
-1,-1
116092,7
-1,-1
-1,-1
-1,-1
-1,-1
180184,50
-1,-1
-1,-1
-1,-1
-1,-1
-1,-1
-1,-1
-1,-1
-1,-1
-1,-1
-1,-1
-1,-1
-1,-1
-1,-1
-1,-1
-1,-1
-1,-1
-1,-1
118620,538
-1,-1
-1,-1
-1,-1
