317473,1330,20778810
273370,70,741325
288120,68,613669
290870,73,1046587
296219,72,982643
304598,66,516799
391455,44,57196
366503,61,330771
517570,50,109468
271305,71,882465
400182,56,187155
367396,66,510412
147451,99,13037079
376432,51,118861
361704,51,112843
372224,62,339776
332580,41,42686
285055,70,763476
409819,51,115218
328838,48,83017
390046,32,16633
311759,47,82407
398219,35,23757
324901,45,64567
-1,1,0
-1,-1
-1,-1
-1,-1
-1,-1
-1,-1
-1,-1
-1,-1
-1,-1
-1,-1
-1,-1
-1,-1
279160,1
-1,-1
-1,-1
-1,-1
-1,-1
-1,-1
248960,14
-1,-1
-1,-1
-1,-1
-1,-1
-1,-1
-1,-1
-1,-1
-1,-1
-1,0
-1,-1
-1,-1
-1,-1
-1,-1
-1,-1
-1,-1
-1,-1
-1,-1
-1,-1
-1,-1
-1,-1
-1,-1
-1,-1
-1,-1
-1,-1
-1,-1
-1,-1
-1,-1
-1,-1
-1,-1
-1,-1
-1,-1
-1,-1
-1,-1
-1,-1
-1,-1
-1,-1
-1,0
-1,0
-1,-1
-1,-1
-1,-1
-1,-1
-1,-1
-1,-1
-1,-1
-1,-1
116072,7
-1,-1
-1,-1
-1,-1
-1,-1
180166,50
-1,-1
-1,-1
-1,-1
-1,-1
-1,-1
-1,-1
-1,-1
-1,-1
-1,-1
-1,-1
-1,-1
-1,-1
-1,-1
-1,-1
-1,-1
-1,-1
-1,-1
118606,538
-1,-1
-1,-1
-1,-1
