309149,1330,20778810
265342,70,741325
279768,68,613669
282287,73,1046587
287734,72,982643
296814,66,516799
381061,44,57196
357032,61,330771
505775,50,109468
263877,71,882465
391224,56,187155
359207,66,510412
145150,99,13037079
367277,51,118861
352345,51,112843
362349,62,339776
324415,41,42686
277702,70,763476
398904,51,115218
320384,48,83017
380493,32,16633
303000,47,82407
389090,35,23757
316554,45,64567
-1,1,0
-1,-1
-1,-1
-1,-1
-1,-1
-1,-1
-1,-1
-1,-1
-1,-1
-1,-1
-1,-1
-1,-1
273379,1
-1,-1
-1,-1
-1,-1
-1,-1
-1,-1
240811,14
-1,-1
-1,-1
-1,-1
-1,-1
-1,-1
-1,-1
-1,-1
-1,-1
-1,0
-1,-1
-1,-1
-1,-1
-1,-1
-1,-1
-1,-1
-1,-1
-1,-1
-1,-1
-1,-1
-1,-1
-1,-1
-1,-1
-1,-1
-1,-1
-1,-1
-1,-1
-1,-1
-1,-1
-1,-1
-1,-1
-1,-1
-1,-1
-1,-1
-1,-1
-1,-1
-1,-1
-1,0
-1,0
-1,-1
-1,-1
-1,-1
-1,-1
-1,-1
-1,-1
-1,-1
-1,-1
110465,7
-1,-1
-1,-1
-1,-1
-1,-1
174161,50
-1,-1
-1,-1
-1,-1
-1,-1
-1,-1
-1,-1
-1,-1
-1,-1
-1,-1
-1,-1
-1,-1
-1,-1
-1,-1
-1,-1
-1,-1
-1,-1
-1,-1
117028,538
-1,-1
-1,-1
-1,-1
