313654,1330,20778810
269639,70,741325
284266,68,613669
286945,73,1046587
292247,72,982643
300962,66,516799
386995,44,57196
362235,61,330771
512608,50,109468
267955,71,882465
396254,56,187155
363711,66,510412
146504,99,13037079
372355,51,118861
357472,51,112843
367794,62,339776
328778,41,42686
281823,70,763476
405568,51,115218
324842,48,83017
385851,32,16633
307887,47,82407
394521,35,23757
321101,45,64567
-1,1,0
-1,-1
-1,-1
-1,-1
-1,-1
-1,-1
-1,-1
-1,-1
-1,-1
-1,-1
-1,-1
-1,-1
276437,1
-1,-1
-1,-1
-1,-1
-1,-1
-1,-1
245321,14
-1,-1
-1,-1
-1,-1
-1,-1
-1,-1
-1,-1
-1,-1
-1,-1
-1,0
-1,-1
-1,-1
-1,-1
-1,-1
-1,-1
-1,-1
-1,-1
-1,-1
-1,-1
-1,-1
-1,-1
-1,-1
-1,-1
-1,-1
-1,-1
-1,-1
-1,-1
-1,-1
-1,-1
-1,-1
-1,-1
-1,-1
-1,-1
-1,-1
-1,-1
-1,-1
-1,-1
-1,0
-1,0
-1,-1
-1,-1
-1,-1
-1,-1
-1,-1
-1,-1
-1,-1
-1,-1
113562,7
-1,-1
-1,-1
-1,-1
-1,-1
177591,50
-1,-1
-1,-1
-1,-1
-1,-1
-1,-1
-1,-1
-1,-1
-1,-1
-1,-1
-1,-1
-1,-1
-1,-1
-1,-1
-1,-1
-1,-1
-1,-1
-1,-1
118026,538
-1,-1
-1,-1
-1,-1
