309100,1330,20778810
265297,70,741325
279720,68,613669
282240,73,1046587
287684,72,982643
296767,66,516799
381004,44,57196
356983,61,330771
505697,50,109468
263825,71,882465
391174,56,187155
359154,66,510412
145132,99,13037079
367227,51,118861
352295,51,112843
362289,62,339776
324363,41,42686
277645,70,763476
398804,51,115218
320321,48,83017
380434,32,16633
302947,47,82407
389024,35,23757
316484,45,64567
-1,1,0
-1,-1
-1,-1
-1,-1
-1,-1
-1,-1
-1,-1
-1,-1
-1,-1
-1,-1
-1,-1
-1,-1
273342,1
-1,-1
-1,-1
-1,-1
-1,-1
-1,-1
240758,14
-1,-1
-1,-1
-1,-1
-1,-1
-1,-1
-1,-1
-1,-1
-1,-1
-1,0
-1,-1
-1,-1
-1,-1
-1,-1
-1,-1
-1,-1
-1,-1
-1,-1
-1,-1
-1,-1
-1,-1
-1,-1
-1,-1
-1,-1
-1,-1
-1,-1
-1,-1
-1,-1
-1,-1
-1,-1
-1,-1
-1,-1
-1,-1
-1,-1
-1,-1
-1,-1
-1,-1
-1,0
-1,0
-1,-1
-1,-1
-1,-1
-1,-1
-1,-1
-1,-1
-1,-1
-1,-1
110426,7
-1,-1
-1,-1
-1,-1
-1,-1
174126,50
-1,-1
-1,-1
-1,-1
-1,-1
-1,-1
-1,-1
-1,-1
-1,-1
-1,-1
-1,-1
-1,-1
-1,-1
-1,-1
-1,-1
-1,-1
-1,-1
-1,-1
117013,538
-1,-1
-1,-1
-1,-1
