317680,1330,20778810
273566,70,741325
288356,68,613669
291079,73,1046587
296441,72,982643
304812,66,516799
391704,44,57196
366718,61,330771
517840,50,109468
271540,71,882465
400410,56,187155
367593,66,510412
147524,99,13037079
376643,51,118861
361902,51,112843
372402,62,339776
332747,41,42686
285215,70,763476
410044,51,115218
329032,48,83017
390288,32,16633
311982,47,82407
398413,35,23757
325152,45,64567
-1,1,0
-1,-1
-1,-1
-1,-1
-1,-1
-1,-1
-1,-1
-1,-1
-1,-1
-1,-1
-1,-1
-1,-1
279288,1
-1,-1
-1,-1
-1,-1
-1,-1
-1,-1
249181,14
-1,-1
-1,-1
-1,-1
-1,-1
-1,-1
-1,-1
-1,-1
-1,-1
-1,0
-1,-1
-1,-1
-1,-1
-1,-1
-1,-1
-1,-1
-1,-1
-1,-1
-1,-1
-1,-1
-1,-1
-1,-1
-1,-1
-1,-1
-1,-1
-1,-1
-1,-1
-1,-1
-1,-1
-1,-1
-1,-1
-1,-1
-1,-1
-1,-1
-1,-1
-1,-1
-1,-1
-1,0
-1,0
-1,-1
-1,-1
-1,-1
-1,-1
-1,-1
-1,-1
-1,-1
-1,-1
116206,7
-1,-1
-1,-1
-1,-1
-1,-1
180311,50
-1,-1
-1,-1
-1,-1
-1,-1
-1,-1
-1,-1
-1,-1
-1,-1
-1,-1
-1,-1
-1,-1
-1,-1
-1,-1
-1,-1
-1,-1
-1,-1
-1,-1
118649,538
-1,-1
-1,-1
-1,-1
