317639,1330,20778810
273539,70,741325
288314,68,613669
291037,73,1046587
296401,72,982643
304770,66,516799
391664,44,57196
366676,61,330771
517792,50,109468
271499,71,882465
400374,56,187155
367548,66,510412
147513,99,13037079
376606,51,118861
361873,51,112843
372358,62,339776
332703,41,42686
285183,70,763476
409995,51,115218
329009,48,83017
390252,32,16633
311947,47,82407
398380,35,23757
325101,45,64567
-1,1,0
-1,-1
-1,-1
-1,-1
-1,-1
-1,-1
-1,-1
-1,-1
-1,-1
-1,-1
-1,-1
-1,-1
279261,1
-1,-1
-1,-1
-1,-1
-1,-1
-1,-1
249149,14
-1,-1
-1,-1
-1,-1
-1,-1
-1,-1
-1,-1
-1,-1
-1,-1
-1,0
-1,-1
-1,-1
-1,-1
-1,-1
-1,-1
-1,-1
-1,-1
-1,-1
-1,-1
-1,-1
-1,-1
-1,-1
-1,-1
-1,-1
-1,-1
-1,-1
-1,-1
-1,-1
-1,-1
-1,-1
-1,-1
-1,-1
-1,-1
-1,-1
-1,-1
-1,-1
-1,-1
-1,0
-1,0
-1,-1
-1,-1
-1,-1
-1,-1
-1,-1
-1,-1
-1,-1
-1,-1
116183,7
-1,-1
-1,-1
-1,-1
-1,-1
180286,50
-1,-1
-1,-1
-1,-1
-1,-1
-1,-1
-1,-1
-1,-1
-1,-1
-1,-1
-1,-1
-1,-1
-1,-1
-1,-1
-1,-1
-1,-1
-1,-1
-1,-1
118645,538
-1,-1
-1,-1
-1,-1
