317576,1330,20778810
273478,70,741325
288252,68,613669
290977,73,1046587
296338,72,982643
304708,66,516799
391585,44,57196
366614,61,330771
517709,50,109468
271428,71,882465
400308,56,187155
367488,66,510412
147489,99,13037079
376546,51,118861
361812,51,112843
372366,62,339776
332661,41,42686
285141,70,763476
409930,51,115218
328947,48,83017
390179,32,16633
311886,47,82407
398323,35,23757
325020,45,64567
-1,1,0
-1,-1
-1,-1
-1,-1
-1,-1
-1,-1
-1,-1
-1,-1
-1,-1
-1,-1
-1,-1
-1,-1
279221,1
-1,-1
-1,-1
-1,-1
-1,-1
-1,-1
249089,14
-1,-1
-1,-1
-1,-1
-1,-1
-1,-1
-1,-1
-1,-1
-1,-1
-1,0
-1,-1
-1,-1
-1,-1
-1,-1
-1,-1
-1,-1
-1,-1
-1,-1
-1,-1
-1,-1
-1,-1
-1,-1
-1,-1
-1,-1
-1,-1
-1,-1
-1,-1
-1,-1
-1,-1
-1,-1
-1,-1
-1,-1
-1,-1
-1,-1
-1,-1
-1,-1
-1,-1
-1,0
-1,0
-1,-1
-1,-1
-1,-1
-1,-1
-1,-1
-1,-1
-1,-1
-1,-1
116144,7
-1,-1
-1,-1
-1,-1
-1,-1
180240,50
-1,-1
-1,-1
-1,-1
-1,-1
-1,-1
-1,-1
-1,-1
-1,-1
-1,-1
-1,-1
-1,-1
-1,-1
-1,-1
-1,-1
-1,-1
-1,-1
-1,-1
118641,538
-1,-1
-1,-1
-1,-1
