317604,1330,20778810
273510,70,741325
288284,68,613669
291001,73,1046587
296361,72,982643
304732,66,516799
391621,44,57196
366642,61,330771
517750,50,109468
271453,71,882465
400335,56,187155
367516,66,510412
147501,99,13037079
376577,51,118861
361840,51,112843
372315,62,339776
332684,41,42686
285162,70,763476
409965,51,115218
328975,48,83017
390219,32,16633
311905,47,82407
398351,35,23757
325062,45,64567
-1,1,0
-1,-1
-1,-1
-1,-1
-1,-1
-1,-1
-1,-1
-1,-1
-1,-1
-1,-1
-1,-1
-1,-1
279240,1
-1,-1
-1,-1
-1,-1
-1,-1
-1,-1
249109,14
-1,-1
-1,-1
-1,-1
-1,-1
-1,-1
-1,-1
-1,-1
-1,-1
-1,0
-1,-1
-1,-1
-1,-1
-1,-1
-1,-1
-1,-1
-1,-1
-1,-1
-1,-1
-1,-1
-1,-1
-1,-1
-1,-1
-1,-1
-1,-1
-1,-1
-1,-1
-1,-1
-1,-1
-1,-1
-1,-1
-1,-1
-1,-1
-1,-1
-1,-1
-1,-1
-1,-1
-1,0
-1,0
-1,-1
-1,-1
-1,-1
-1,-1
-1,-1
-1,-1
-1,-1
-1,-1
116167,7
-1,-1
-1,-1
-1,-1
-1,-1
180263,50
-1,-1
-1,-1
-1,-1
-1,-1
-1,-1
-1,-1
-1,-1
-1,-1
-1,-1
-1,-1
-1,-1
-1,-1
-1,-1
-1,-1
-1,-1
-1,-1
-1,-1
118638,538
-1,-1
-1,-1
-1,-1
