309226,1330,20778810
265393,70,741325
279825,68,613669
282337,73,1046587
287792,72,982643
296878,66,516799
381134,44,57196
357078,61,330771
505893,50,109468
263933,71,882465
391279,56,187155
359264,66,510412
145170,99,13037079
367355,51,118861
352431,51,112843
362427,62,339776
324460,41,42686
277758,70,763476
399022,51,115218
320443,48,83017
380564,32,16633
303063,47,82407
389196,35,23757
316626,45,64567
-1,1,0
-1,-1
-1,-1
-1,-1
-1,-1
-1,-1
-1,-1
-1,-1
-1,-1
-1,-1
-1,-1
-1,-1
273428,1
-1,-1
-1,-1
-1,-1
-1,-1
-1,-1
240867,14
-1,-1
-1,-1
-1,-1
-1,-1
-1,-1
-1,-1
-1,-1
-1,-1
-1,0
-1,-1
-1,-1
-1,-1
-1,-1
-1,-1
-1,-1
-1,-1
-1,-1
-1,-1
-1,-1
-1,-1
-1,-1
-1,-1
-1,-1
-1,-1
-1,-1
-1,-1
-1,-1
-1,-1
-1,-1
-1,-1
-1,-1
-1,-1
-1,-1
-1,-1
-1,-1
-1,-1
-1,0
-1,0
-1,-1
-1,-1
-1,-1
-1,-1
-1,-1
-1,-1
-1,-1
-1,-1
110506,7
-1,-1
-1,-1
-1,-1
-1,-1
174192,50
-1,-1
-1,-1
-1,-1
-1,-1
-1,-1
-1,-1
-1,-1
-1,-1
-1,-1
-1,-1
-1,-1
-1,-1
-1,-1
-1,-1
-1,-1
-1,-1
-1,-1
117043,538
-1,-1
-1,-1
-1,-1
