309336,1330,20778810
265502,70,741325
279941,68,613669
282466,73,1046587
287900,72,982643
296992,66,516799
381297,44,57196
357211,61,330771
506088,50,109468
264024,71,882465
391420,56,187155
359390,66,510412
145198,99,13037079
367503,51,118861
352574,51,112843
362609,62,339776
324569,41,42686
277879,70,763476
399257,51,115218
320542,48,83017
380724,32,16633
303214,47,82407
389389,35,23757
316755,45,64567
-1,1,0
-1,-1
-1,-1
-1,-1
-1,-1
-1,-1
-1,-1
-1,-1
-1,-1
-1,-1
-1,-1
-1,-1
273513,1
-1,-1
-1,-1
-1,-1
-1,-1
-1,-1
241002,14
-1,-1
-1,-1
-1,-1
-1,-1
-1,-1
-1,-1
-1,-1
-1,-1
-1,0
-1,-1
-1,-1
-1,-1
-1,-1
-1,-1
-1,-1
-1,-1
-1,-1
-1,-1
-1,-1
-1,-1
-1,-1
-1,-1
-1,-1
-1,-1
-1,-1
-1,-1
-1,-1
-1,-1
-1,-1
-1,-1
-1,-1
-1,-1
-1,-1
-1,-1
-1,-1
-1,-1
-1,0
-1,0
-1,-1
-1,-1
-1,-1
-1,-1
-1,-1
-1,-1
-1,-1
-1,-1
110592,7
-1,-1
-1,-1
-1,-1
-1,-1
174298,50
-1,-1
-1,-1
-1,-1
-1,-1
-1,-1
-1,-1
-1,-1
-1,-1
-1,-1
-1,-1
-1,-1
-1,-1
-1,-1
-1,-1
-1,-1
-1,-1
-1,-1
117066,538
-1,-1
-1,-1
-1,-1
