309296,1330,20778810
265458,70,741325
279892,68,613669
282424,73,1046587
287853,72,982643
296950,66,516799
381239,44,57196
357159,61,330771
506022,50,109468
264002,71,882465
391364,56,187155
359341,66,510412
145185,99,13037079
367458,51,118861
352522,51,112843
362552,62,339776
324532,41,42686
277830,70,763476
399174,51,115218
320498,48,83017
380673,32,16633
303168,47,82407
389323,35,23757
316702,45,64567
-1,1,0
-1,-1
-1,-1
-1,-1
-1,-1
-1,-1
-1,-1
-1,-1
-1,-1
-1,-1
-1,-1
-1,-1
273487,1
-1,-1
-1,-1
-1,-1
-1,-1
-1,-1
240961,14
-1,-1
-1,-1
-1,-1
-1,-1
-1,-1
-1,-1
-1,-1
-1,-1
-1,0
-1,-1
-1,-1
-1,-1
-1,-1
-1,-1
-1,-1
-1,-1
-1,-1
-1,-1
-1,-1
-1,-1
-1,-1
-1,-1
-1,-1
-1,-1
-1,-1
-1,-1
-1,-1
-1,-1
-1,-1
-1,-1
-1,-1
-1,-1
-1,-1
-1,-1
-1,-1
-1,-1
-1,0
-1,0
-1,-1
-1,-1
-1,-1
-1,-1
-1,-1
-1,-1
-1,-1
-1,-1
110557,7
-1,-1
-1,-1
-1,-1
-1,-1
174266,50
-1,-1
-1,-1
-1,-1
-1,-1
-1,-1
-1,-1
-1,-1
-1,-1
-1,-1
-1,-1
-1,-1
-1,-1
-1,-1
-1,-1
-1,-1
-1,-1
-1,-1
117051,538
-1,-1
-1,-1
-1,-1
