309275,1330,20778810
265439,70,741325
279872,68,613669
282396,73,1046587
287830,72,982643
296926,66,516799
381206,44,57196
357133,61,330771
505979,50,109468
263976,71,882465
391331,56,187155
359325,66,510412
145173,99,13037079
367417,51,118861
352490,51,112843
362505,62,339776
324509,41,42686
277808,70,763476
399107,51,115218
320474,48,83017
380629,32,16633
303129,47,82407
389275,35,23757
316671,45,64567
-1,1,0
-1,-1
-1,-1
-1,-1
-1,-1
-1,-1
-1,-1
-1,-1
-1,-1
-1,-1
-1,-1
-1,-1
273468,1
-1,-1
-1,-1
-1,-1
-1,-1
-1,-1
240925,14
-1,-1
-1,-1
-1,-1
-1,-1
-1,-1
-1,-1
-1,-1
-1,-1
-1,0
-1,-1
-1,-1
-1,-1
-1,-1
-1,-1
-1,-1
-1,-1
-1,-1
-1,-1
-1,-1
-1,-1
-1,-1
-1,-1
-1,-1
-1,-1
-1,-1
-1,-1
-1,-1
-1,-1
-1,-1
-1,-1
-1,-1
-1,-1
-1,-1
-1,-1
-1,-1
-1,-1
-1,0
-1,0
-1,-1
-1,-1
-1,-1
-1,-1
-1,-1
-1,-1
-1,-1
-1,-1
110532,7
-1,-1
-1,-1
-1,-1
-1,-1
174247,50
-1,-1
-1,-1
-1,-1
-1,-1
-1,-1
-1,-1
-1,-1
-1,-1
-1,-1
-1,-1
-1,-1
-1,-1
-1,-1
-1,-1
-1,-1
-1,-1
-1,-1
117046,538
-1,-1
-1,-1
-1,-1
