317705,1330,20778810
273595,70,741325
288374,68,613669
291100,73,1046587
296465,72,982643
304826,66,516799
391720,44,57196
366740,61,330771
517873,50,109468
271566,71,882465
400434,56,187155
367613,66,510412
147533,99,13037079
376665,51,118861
361923,51,112843
372426,62,339776
332767,41,42686
285231,70,763476
410082,51,115218
329052,48,83017
390311,32,16633
312005,47,82407
398438,35,23757
325180,45,64567
-1,1,0
-1,-1
-1,-1
-1,-1
-1,-1
-1,-1
-1,-1
-1,-1
-1,-1
-1,-1
-1,-1
-1,-1
279307,1
-1,-1
-1,-1
-1,-1
-1,-1
-1,-1
249206,14
-1,-1
-1,-1
-1,-1
-1,-1
-1,-1
-1,-1
-1,-1
-1,-1
-1,0
-1,-1
-1,-1
-1,-1
-1,-1
-1,-1
-1,-1
-1,-1
-1,-1
-1,-1
-1,-1
-1,-1
-1,-1
-1,-1
-1,-1
-1,-1
-1,-1
-1,-1
-1,-1
-1,-1
-1,-1
-1,-1
-1,-1
-1,-1
-1,-1
-1,-1
-1,-1
-1,-1
-1,0
-1,0
-1,-1
-1,-1
-1,-1
-1,-1
-1,-1
-1,-1
-1,-1
-1,-1
116218,7
-1,-1
-1,-1
-1,-1
-1,-1
180326,50
-1,-1
-1,-1
-1,-1
-1,-1
-1,-1
-1,-1
-1,-1
-1,-1
-1,-1
-1,-1
-1,-1
-1,-1
-1,-1
-1,-1
-1,-1
-1,-1
-1,-1
118656,538
-1,-1
-1,-1
-1,-1
