317735,1330,20778810
273637,70,741325
288407,68,613669
291146,73,1046587
296500,72,982643
304867,66,516799
391764,44,57196
366784,61,330771
517924,50,109468
271605,71,882465
400486,56,187155
367640,66,510412
147544,99,13037079
376721,51,118861
361961,51,112843
372467,62,339776
332798,41,42686
285255,70,763476
410129,51,115218
329098,48,83017
390339,32,16633
312046,47,82407
398469,35,23757
325217,45,64567
-1,1,0
-1,-1
-1,-1
-1,-1
-1,-1
-1,-1
-1,-1
-1,-1
-1,-1
-1,-1
-1,-1
-1,-1
279330,1
-1,-1
-1,-1
-1,-1
-1,-1
-1,-1
249244,14
-1,-1
-1,-1
-1,-1
-1,-1
-1,-1
-1,-1
-1,-1
-1,-1
-1,0
-1,-1
-1,-1
-1,-1
-1,-1
-1,-1
-1,-1
-1,-1
-1,-1
-1,-1
-1,-1
-1,-1
-1,-1
-1,-1
-1,-1
-1,-1
-1,-1
-1,-1
-1,-1
-1,-1
-1,-1
-1,-1
-1,-1
-1,-1
-1,-1
-1,-1
-1,-1
-1,-1
-1,0
-1,0
-1,-1
-1,-1
-1,-1
-1,-1
-1,-1
-1,-1
-1,-1
-1,-1
116236,7
-1,-1
-1,-1
-1,-1
-1,-1
180354,50
-1,-1
-1,-1
-1,-1
-1,-1
-1,-1
-1,-1
-1,-1
-1,-1
-1,-1
-1,-1
-1,-1
-1,-1
-1,-1
-1,-1
-1,-1
-1,-1
-1,-1
118673,538
-1,-1
-1,-1
-1,-1
