317798,1330,20778810
273691,70,741325
288468,68,613669
291204,73,1046587
296579,72,982643
304917,66,516799
391820,44,57196
366845,61,330771
517993,50,109468
271667,71,882465
400566,56,187155
367698,66,510412
147564,99,13037079
376785,51,118861
362031,51,112843
372539,62,339776
332854,41,42686
285305,70,763476
410190,51,115218
329157,48,83017
390404,32,16633
312106,47,82407
398540,35,23757
325256,45,64567
-1,1,0
-1,-1
-1,-1
-1,-1
-1,-1
-1,-1
-1,-1
-1,-1
-1,-1
-1,-1
-1,-1
-1,-1
279364,1
-1,-1
-1,-1
-1,-1
-1,-1
-1,-1
249305,14
-1,-1
-1,-1
-1,-1
-1,-1
-1,-1
-1,-1
-1,-1
-1,-1
-1,0
-1,-1
-1,-1
-1,-1
-1,-1
-1,-1
-1,-1
-1,-1
-1,-1
-1,-1
-1,-1
-1,-1
-1,-1
-1,-1
-1,-1
-1,-1
-1,-1
-1,-1
-1,-1
-1,-1
-1,-1
-1,-1
-1,-1
-1,-1
-1,-1
-1,-1
-1,-1
-1,-1
-1,0
-1,0
-1,-1
-1,-1
-1,-1
-1,-1
-1,-1
-1,-1
-1,-1
-1,-1
116274,7
-1,-1
-1,-1
-1,-1
-1,-1
180400,50
-1,-1
-1,-1
-1,-1
-1,-1
-1,-1
-1,-1
-1,-1
-1,-1
-1,-1
-1,-1
-1,-1
-1,-1
-1,-1
-1,-1
-1,-1
-1,-1
-1,-1
118686,538
-1,-1
-1,-1
-1,-1
