317763,1330,20778810
273651,70,741325
288427,68,613669
291175,73,1046587
296540,72,982643
304886,66,516799
391785,44,57196
366805,61,330771
517954,50,109468
271631,71,882465
400514,56,187155
367670,66,510412
147549,99,13037079
376748,51,118861
361993,51,112843
372491,62,339776
332819,41,42686
285274,70,763476
410144,51,115218
329126,48,83017
390363,32,16633
312081,47,82407
398497,35,23757
325228,45,64567
-1,1,0
-1,-1
-1,-1
-1,-1
-1,-1
-1,-1
-1,-1
-1,-1
-1,-1
-1,-1
-1,-1
-1,-1
279339,1
-1,-1
-1,-1
-1,-1
-1,-1
-1,-1
249277,14
-1,-1
-1,-1
-1,-1
-1,-1
-1,-1
-1,-1
-1,-1
-1,-1
-1,0
-1,-1
-1,-1
-1,-1
-1,-1
-1,-1
-1,-1
-1,-1
-1,-1
-1,-1
-1,-1
-1,-1
-1,-1
-1,-1
-1,-1
-1,-1
-1,-1
-1,-1
-1,-1
-1,-1
-1,-1
-1,-1
-1,-1
-1,-1
-1,-1
-1,-1
-1,-1
-1,-1
-1,0
-1,0
-1,-1
-1,-1
-1,-1
-1,-1
-1,-1
-1,-1
-1,-1
-1,-1
116256,7
-1,-1
-1,-1
-1,-1
-1,-1
180377,50
-1,-1
-1,-1
-1,-1
-1,-1
-1,-1
-1,-1
-1,-1
-1,-1
-1,-1
-1,-1
-1,-1
-1,-1
-1,-1
-1,-1
-1,-1
-1,-1
-1,-1
118674,538
-1,-1
-1,-1
-1,-1
