309419,1330,20778810
265596,70,741325
280047,68,613669
282578,73,1046587
288004,72,982643
297082,66,516799
381465,44,57196
357353,61,330771
506272,50,109468
264116,71,882465
391540,56,187155
359488,66,510412
145234,99,13037079
367618,51,118861
352716,51,112843
362712,62,339776
324689,41,42686
277985,70,763476
399466,51,115218
320664,48,83017
380856,32,16633
303345,47,82407
389549,35,23757
316878,45,64567
-1,1,0
-1,-1
-1,-1
-1,-1
-1,-1
-1,-1
-1,-1
-1,-1
-1,-1
-1,-1
-1,-1
-1,-1
273590,1
-1,-1
-1,-1
-1,-1
-1,-1
-1,-1
241117,14
-1,-1
-1,-1
-1,-1
-1,-1
-1,-1
-1,-1
-1,-1
-1,-1
-1,0
-1,-1
-1,-1
-1,-1
-1,-1
-1,-1
-1,-1
-1,-1
-1,-1
-1,-1
-1,-1
-1,-1
-1,-1
-1,-1
-1,-1
-1,-1
-1,-1
-1,-1
-1,-1
-1,-1
-1,-1
-1,-1
-1,-1
-1,-1
-1,-1
-1,-1
-1,-1
-1,-1
-1,0
-1,0
-1,-1
-1,-1
-1,-1
-1,-1
-1,-1
-1,-1
-1,-1
-1,-1
110665,7
-1,-1
-1,-1
-1,-1
-1,-1
174392,50
-1,-1
-1,-1
-1,-1
-1,-1
-1,-1
-1,-1
-1,-1
-1,-1
-1,-1
-1,-1
-1,-1
-1,-1
-1,-1
-1,-1
-1,-1
-1,-1
-1,-1
117090,538
-1,-1
-1,-1
-1,-1
