309430,1330,20778810
265603,70,741325
280059,68,613669
282596,73,1046587
288019,72,982643
297092,66,516799
381480,44,57196
357368,61,330771
506286,50,109468
264131,71,882465
391556,56,187155
359501,66,510412
145241,99,13037079
367636,51,118861
352737,51,112843
362732,62,339776
324707,41,42686
277996,70,763476
399486,51,115218
320677,48,83017
380873,32,16633
303377,47,82407
389577,35,23757
316894,45,64567
-1,1,0
-1,-1
-1,-1
-1,-1
-1,-1
-1,-1
-1,-1
-1,-1
-1,-1
-1,-1
-1,-1
-1,-1
273603,1
-1,-1
-1,-1
-1,-1
-1,-1
-1,-1
241140,14
-1,-1
-1,-1
-1,-1
-1,-1
-1,-1
-1,-1
-1,-1
-1,-1
-1,0
-1,-1
-1,-1
-1,-1
-1,-1
-1,-1
-1,-1
-1,-1
-1,-1
-1,-1
-1,-1
-1,-1
-1,-1
-1,-1
-1,-1
-1,-1
-1,-1
-1,-1
-1,-1
-1,-1
-1,-1
-1,-1
-1,-1
-1,-1
-1,-1
-1,-1
-1,-1
-1,-1
-1,0
-1,0
-1,-1
-1,-1
-1,-1
-1,-1
-1,-1
-1,-1
-1,-1
-1,-1
110674,7
-1,-1
-1,-1
-1,-1
-1,-1
174401,50
-1,-1
-1,-1
-1,-1
-1,-1
-1,-1
-1,-1
-1,-1
-1,-1
-1,-1
-1,-1
-1,-1
-1,-1
-1,-1
-1,-1
-1,-1
-1,-1
-1,-1
117092,538
-1,-1
-1,-1
-1,-1
