309461,1330,20778810
265632,70,741325
280096,68,613669
282630,73,1046587
288052,72,982643
297124,66,516799
381520,44,57196
357408,61,330771
506346,50,109468
264153,71,882465
391595,56,187155
359533,66,510412
145259,99,13037079
367672,51,118861
352772,51,112843
362759,62,339776
324746,41,42686
278020,70,763476
399537,51,115218
320706,48,83017
380918,32,16633
303423,47,82407
389632,35,23757
316931,45,64567
-1,1,0
-1,-1
-1,-1
-1,-1
-1,-1
-1,-1
-1,-1
-1,-1
-1,-1
-1,-1
-1,-1
-1,-1
273626,1
-1,-1
-1,-1
-1,-1
-1,-1
-1,-1
241176,14
-1,-1
-1,-1
-1,-1
-1,-1
-1,-1
-1,-1
-1,-1
-1,-1
-1,0
-1,-1
-1,-1
-1,-1
-1,-1
-1,-1
-1,-1
-1,-1
-1,-1
-1,-1
-1,-1
-1,-1
-1,-1
-1,-1
-1,-1
-1,-1
-1,-1
-1,-1
-1,-1
-1,-1
-1,-1
-1,-1
-1,-1
-1,-1
-1,-1
-1,-1
-1,-1
-1,-1
-1,0
-1,0
-1,-1
-1,-1
-1,-1
-1,-1
-1,-1
-1,-1
-1,-1
-1,-1
110693,7
-1,-1
-1,-1
-1,-1
-1,-1
174420,50
-1,-1
-1,-1
-1,-1
-1,-1
-1,-1
-1,-1
-1,-1
-1,-1
-1,-1
-1,-1
-1,-1
-1,-1
-1,-1
-1,-1
-1,-1
-1,-1
-1,-1
117102,538
-1,-1
-1,-1
-1,-1
