314034,1330,20778810
269977,70,741325
284616,68,613669
287307,73,1046587
292646,72,982643
301262,66,516799
387390,44,57196
362617,61,330771
513107,50,109468
268228,71,882465
396635,56,187155
364061,66,510412
146627,99,13037079
372722,51,118861
357881,51,112843
368188,62,339776
329151,41,42686
282119,70,763476
405955,51,115218
325206,48,83017
386245,32,16633
308241,47,82407
394871,35,23757
321459,45,64567
-1,1,0
-1,-1
-1,-1
-1,-1
-1,-1
-1,-1
-1,-1
-1,-1
-1,-1
-1,-1
-1,-1
-1,-1
276662,1
-1,-1
-1,-1
-1,-1
-1,-1
-1,-1
245671,14
-1,-1
-1,-1
-1,-1
-1,-1
-1,-1
-1,-1
-1,-1
-1,-1
-1,0
-1,-1
-1,-1
-1,-1
-1,-1
-1,-1
-1,-1
-1,-1
-1,-1
-1,-1
-1,-1
-1,-1
-1,-1
-1,-1
-1,-1
-1,-1
-1,-1
-1,-1
-1,-1
-1,-1
-1,-1
-1,-1
-1,-1
-1,-1
-1,-1
-1,-1
-1,-1
-1,-1
-1,0
-1,0
-1,-1
-1,-1
-1,-1
-1,-1
-1,-1
-1,-1
-1,-1
-1,-1
113777,7
-1,-1
-1,-1
-1,-1
-1,-1
177851,50
-1,-1
-1,-1
-1,-1
-1,-1
-1,-1
-1,-1
-1,-1
-1,-1
-1,-1
-1,-1
-1,-1
-1,-1
-1,-1
-1,-1
-1,-1
-1,-1
-1,-1
118126,538
-1,-1
-1,-1
-1,-1
