309467,1330,20778810
265644,70,741325
280102,68,613669
282638,73,1046587
288060,72,982643
297131,66,516799
381533,44,57196
357413,61,330771
506358,50,109468
264160,71,882465
391606,56,187155
359543,66,510412
145262,99,13037079
367681,51,118861
352781,51,112843
362771,62,339776
324758,41,42686
278024,70,763476
399551,51,115218
320718,48,83017
380929,32,16633
303434,47,82407
389643,35,23757
316937,45,64567
-1,1,0
-1,-1
-1,-1
-1,-1
-1,-1
-1,-1
-1,-1
-1,-1
-1,-1
-1,-1
-1,-1
-1,-1
273630,1
-1,-1
-1,-1
-1,-1
-1,-1
-1,-1
241186,14
-1,-1
-1,-1
-1,-1
-1,-1
-1,-1
-1,-1
-1,-1
-1,-1
-1,0
-1,-1
-1,-1
-1,-1
-1,-1
-1,-1
-1,-1
-1,-1
-1,-1
-1,-1
-1,-1
-1,-1
-1,-1
-1,-1
-1,-1
-1,-1
-1,-1
-1,-1
-1,-1
-1,-1
-1,-1
-1,-1
-1,-1
-1,-1
-1,-1
-1,-1
-1,-1
-1,-1
-1,0
-1,0
-1,-1
-1,-1
-1,-1
-1,-1
-1,-1
-1,-1
-1,-1
-1,-1
110702,7
-1,-1
-1,-1
-1,-1
-1,-1
174430,50
-1,-1
-1,-1
-1,-1
-1,-1
-1,-1
-1,-1
-1,-1
-1,-1
-1,-1
-1,-1
-1,-1
-1,-1
-1,-1
-1,-1
-1,-1
-1,-1
-1,-1
117103,538
-1,-1
-1,-1
-1,-1
