309425,1330,20778810
265598,70,741325
280049,68,613669
282586,73,1046587
288011,72,982643
297087,66,516799
381472,44,57196
357362,61,330771
506278,50,109468
264120,71,882465
391550,56,187155
359496,66,510412
145238,99,13037079
367626,51,118861
352727,51,112843
362721,62,339776
324698,41,42686
277990,70,763476
399476,51,115218
320668,48,83017
380862,32,16633
303362,47,82407
389563,35,23757
316885,45,64567
-1,1,0
-1,-1
-1,-1
-1,-1
-1,-1
-1,-1
-1,-1
-1,-1
-1,-1
-1,-1
-1,-1
-1,-1
273596,1
-1,-1
-1,-1
-1,-1
-1,-1
-1,-1
241125,14
-1,-1
-1,-1
-1,-1
-1,-1
-1,-1
-1,-1
-1,-1
-1,-1
-1,0
-1,-1
-1,-1
-1,-1
-1,-1
-1,-1
-1,-1
-1,-1
-1,-1
-1,-1
-1,-1
-1,-1
-1,-1
-1,-1
-1,-1
-1,-1
-1,-1
-1,-1
-1,-1
-1,-1
-1,-1
-1,-1
-1,-1
-1,-1
-1,-1
-1,-1
-1,-1
-1,-1
-1,0
-1,0
-1,-1
-1,-1
-1,-1
-1,-1
-1,-1
-1,-1
-1,-1
-1,-1
110668,7
-1,-1
-1,-1
-1,-1
-1,-1
174398,50
-1,-1
-1,-1
-1,-1
-1,-1
-1,-1
-1,-1
-1,-1
-1,-1
-1,-1
-1,-1
-1,-1
-1,-1
-1,-1
-1,-1
-1,-1
-1,-1
-1,-1
117091,538
-1,-1
-1,-1
-1,-1
