309409,1330,20778810
265586,70,741325
280036,68,613669
282554,73,1046587
287989,72,982643
297072,66,516799
381442,44,57196
357342,61,330771
506235,50,109468
264105,71,882465
391524,56,187155
359475,66,510412
145230,99,13037079
367596,51,118861
352687,51,112843
362703,62,339776
324668,41,42686
277973,70,763476
399435,51,115218
320643,48,83017
380831,32,16633
303338,47,82407
389521,35,23757
316846,45,64567
-1,1,0
-1,-1
-1,-1
-1,-1
-1,-1
-1,-1
-1,-1
-1,-1
-1,-1
-1,-1
-1,-1
-1,-1
273575,1
-1,-1
-1,-1
-1,-1
-1,-1
-1,-1
241099,14
-1,-1
-1,-1
-1,-1
-1,-1
-1,-1
-1,-1
-1,-1
-1,-1
-1,0
-1,-1
-1,-1
-1,-1
-1,-1
-1,-1
-1,-1
-1,-1
-1,-1
-1,-1
-1,-1
-1,-1
-1,-1
-1,-1
-1,-1
-1,-1
-1,-1
-1,-1
-1,-1
-1,-1
-1,-1
-1,-1
-1,-1
-1,-1
-1,-1
-1,-1
-1,-1
-1,-1
-1,0
-1,0
-1,-1
-1,-1
-1,-1
-1,-1
-1,-1
-1,-1
-1,-1
-1,-1
110650,7
-1,-1
-1,-1
-1,-1
-1,-1
174379,50
-1,-1
-1,-1
-1,-1
-1,-1
-1,-1
-1,-1
-1,-1
-1,-1
-1,-1
-1,-1
-1,-1
-1,-1
-1,-1
-1,-1
-1,-1
-1,-1
-1,-1
117089,538
-1,-1
-1,-1
-1,-1
