309448,1330,20778810
265616,70,741325
280083,68,613669
282618,73,1046587
288037,72,982643
297111,66,516799
381502,44,57196
357381,61,330771
506316,50,109468
264142,71,882465
391577,56,187155
359517,66,510412
145247,99,13037079
367651,51,118861
352758,51,112843
362743,62,339776
324728,41,42686
278011,70,763476
399510,51,115218
320689,48,83017
380900,32,16633
303405,47,82407
389610,35,23757
316913,45,64567
-1,1,0
-1,-1
-1,-1
-1,-1
-1,-1
-1,-1
-1,-1
-1,-1
-1,-1
-1,-1
-1,-1
-1,-1
273617,1
-1,-1
-1,-1
-1,-1
-1,-1
-1,-1
241168,14
-1,-1
-1,-1
-1,-1
-1,-1
-1,-1
-1,-1
-1,-1
-1,-1
-1,0
-1,-1
-1,-1
-1,-1
-1,-1
-1,-1
-1,-1
-1,-1
-1,-1
-1,-1
-1,-1
-1,-1
-1,-1
-1,-1
-1,-1
-1,-1
-1,-1
-1,-1
-1,-1
-1,-1
-1,-1
-1,-1
-1,-1
-1,-1
-1,-1
-1,-1
-1,-1
-1,-1
-1,0
-1,0
-1,-1
-1,-1
-1,-1
-1,-1
-1,-1
-1,-1
-1,-1
-1,-1
110684,7
-1,-1
-1,-1
-1,-1
-1,-1
174410,50
-1,-1
-1,-1
-1,-1
-1,-1
-1,-1
-1,-1
-1,-1
-1,-1
-1,-1
-1,-1
-1,-1
-1,-1
-1,-1
-1,-1
-1,-1
-1,-1
-1,-1
117095,538
-1,-1
-1,-1
-1,-1
