309453,1330,20778810
265620,70,741325
280085,68,613669
282623,73,1046587
288045,72,982643
297118,66,516799
381507,44,57196
357395,61,330771
506328,50,109468
264144,71,882465
391581,56,187155
359523,66,510412
145253,99,13037079
367657,51,118861
352764,51,112843
362747,62,339776
324737,41,42686
278016,70,763476
399523,51,115218
320699,48,83017
380908,32,16633
303413,47,82407
389622,35,23757
316916,45,64567
-1,1,0
-1,-1
-1,-1
-1,-1
-1,-1
-1,-1
-1,-1
-1,-1
-1,-1
-1,-1
-1,-1
-1,-1
273624,1
-1,-1
-1,-1
-1,-1
-1,-1
-1,-1
241170,14
-1,-1
-1,-1
-1,-1
-1,-1
-1,-1
-1,-1
-1,-1
-1,-1
-1,0
-1,-1
-1,-1
-1,-1
-1,-1
-1,-1
-1,-1
-1,-1
-1,-1
-1,-1
-1,-1
-1,-1
-1,-1
-1,-1
-1,-1
-1,-1
-1,-1
-1,-1
-1,-1
-1,-1
-1,-1
-1,-1
-1,-1
-1,-1
-1,-1
-1,-1
-1,-1
-1,-1
-1,0
-1,0
-1,-1
-1,-1
-1,-1
-1,-1
-1,-1
-1,-1
-1,-1
-1,-1
110687,7
-1,-1
-1,-1
-1,-1
-1,-1
174414,50
-1,-1
-1,-1
-1,-1
-1,-1
-1,-1
-1,-1
-1,-1
-1,-1
-1,-1
-1,-1
-1,-1
-1,-1
-1,-1
-1,-1
-1,-1
-1,-1
-1,-1
117099,538
-1,-1
-1,-1
-1,-1
