309407,1330,20778810
265582,70,741325
280032,68,613669
282550,73,1046587
287988,72,982643
297070,66,516799
381434,44,57196
357335,61,330771
506231,50,109468
264102,71,882465
391520,56,187155
359471,66,510412
145228,99,13037079
367590,51,118861
352684,51,112843
362699,62,339776
324665,41,42686
277971,70,763476
399428,51,115218
320635,48,83017
380824,32,16633
303333,47,82407
389513,35,23757
316838,45,64567
-1,1,0
-1,-1
-1,-1
-1,-1
-1,-1
-1,-1
-1,-1
-1,-1
-1,-1
-1,-1
-1,-1
-1,-1
273571,1
-1,-1
-1,-1
-1,-1
-1,-1
-1,-1
241096,14
-1,-1
-1,-1
-1,-1
-1,-1
-1,-1
-1,-1
-1,-1
-1,-1
-1,0
-1,-1
-1,-1
-1,-1
-1,-1
-1,-1
-1,-1
-1,-1
-1,-1
-1,-1
-1,-1
-1,-1
-1,-1
-1,-1
-1,-1
-1,-1
-1,-1
-1,-1
-1,-1
-1,-1
-1,-1
-1,-1
-1,-1
-1,-1
-1,-1
-1,-1
-1,-1
-1,-1
-1,0
-1,0
-1,-1
-1,-1
-1,-1
-1,-1
-1,-1
-1,-1
-1,-1
-1,-1
110646,7
-1,-1
-1,-1
-1,-1
-1,-1
174375,50
-1,-1
-1,-1
-1,-1
-1,-1
-1,-1
-1,-1
-1,-1
-1,-1
-1,-1
-1,-1
-1,-1
-1,-1
-1,-1
-1,-1
-1,-1
-1,-1
-1,-1
117088,538
-1,-1
-1,-1
-1,-1
