317875,1330,20778810
273761,70,741325
288546,68,613669
291287,73,1046587
296657,72,982643
305007,66,516799
391927,44,57196
366925,61,330771
518126,50,109468
271743,71,882465
400648,56,187155
367769,66,510412
147579,99,13037079
376869,51,118861
362104,51,112843
372626,62,339776
332919,41,42686
285365,70,763476
410289,51,115218
329256,48,83017
390487,32,16633
312174,47,82407
398648,35,23757
325335,45,64567
-1,1,0
-1,-1
-1,-1
-1,-1
-1,-1
-1,-1
-1,-1
-1,-1
-1,-1
-1,-1
-1,-1
-1,-1
279419,1
-1,-1
-1,-1
-1,-1
-1,-1
-1,-1
249370,14
-1,-1
-1,-1
-1,-1
-1,-1
-1,-1
-1,-1
-1,-1
-1,-1
-1,0
-1,-1
-1,-1
-1,-1
-1,-1
-1,-1
-1,-1
-1,-1
-1,-1
-1,-1
-1,-1
-1,-1
-1,-1
-1,-1
-1,-1
-1,-1
-1,-1
-1,-1
-1,-1
-1,-1
-1,-1
-1,-1
-1,-1
-1,-1
-1,-1
-1,-1
-1,-1
-1,-1
-1,0
-1,0
-1,-1
-1,-1
-1,-1
-1,-1
-1,-1
-1,-1
-1,-1
-1,-1
116307,7
-1,-1
-1,-1
-1,-1
-1,-1
180447,50
-1,-1
-1,-1
-1,-1
-1,-1
-1,-1
-1,-1
-1,-1
-1,-1
-1,-1
-1,-1
-1,-1
-1,-1
-1,-1
-1,-1
-1,-1
-1,-1
-1,-1
118703,538
-1,-1
-1,-1
-1,-1
