317910,1330,20778810
273803,70,741325
288579,68,613669
291325,73,1046587
296709,72,982643
305043,66,516799
391971,44,57196
366963,61,330771
518170,50,109468
271767,71,882465
400691,56,187155
367812,66,510412
147587,99,13037079
376907,51,118861
362138,51,112843
372679,62,339776
332956,41,42686
285402,70,763476
410324,51,115218
329292,48,83017
390514,32,16633
312215,47,82407
398693,35,23757
325375,45,64567
-1,1,0
-1,-1
-1,-1
-1,-1
-1,-1
-1,-1
-1,-1
-1,-1
-1,-1
-1,-1
-1,-1
-1,-1
279439,1
-1,-1
-1,-1
-1,-1
-1,-1
-1,-1
249404,14
-1,-1
-1,-1
-1,-1
-1,-1
-1,-1
-1,-1
-1,-1
-1,-1
-1,0
-1,-1
-1,-1
-1,-1
-1,-1
-1,-1
-1,-1
-1,-1
-1,-1
-1,-1
-1,-1
-1,-1
-1,-1
-1,-1
-1,-1
-1,-1
-1,-1
-1,-1
-1,-1
-1,-1
-1,-1
-1,-1
-1,-1
-1,-1
-1,-1
-1,-1
-1,-1
-1,-1
-1,0
-1,0
-1,-1
-1,-1
-1,-1
-1,-1
-1,-1
-1,-1
-1,-1
-1,-1
116335,7
-1,-1
-1,-1
-1,-1
-1,-1
180473,50
-1,-1
-1,-1
-1,-1
-1,-1
-1,-1
-1,-1
-1,-1
-1,-1
-1,-1
-1,-1
-1,-1
-1,-1
-1,-1
-1,-1
-1,-1
-1,-1
-1,-1
118717,538
-1,-1
-1,-1
-1,-1
