317852,1330,20778810
273742,70,741325
288519,68,613669
291260,73,1046587
296628,72,982643
304968,66,516799
391887,44,57196
366904,61,330771
518078,50,109468
271715,71,882465
400614,56,187155
367751,66,510412
147579,99,13037079
376844,51,118861
362089,51,112843
372603,62,339776
332903,41,42686
285353,70,763476
410262,51,115218
329222,48,83017
390460,32,16633
312155,47,82407
398611,35,23757
325314,45,64567
-1,1,0
-1,-1
-1,-1
-1,-1
-1,-1
-1,-1
-1,-1
-1,-1
-1,-1
-1,-1
-1,-1
-1,-1
279401,1
-1,-1
-1,-1
-1,-1
-1,-1
-1,-1
249349,14
-1,-1
-1,-1
-1,-1
-1,-1
-1,-1
-1,-1
-1,-1
-1,-1
-1,0
-1,-1
-1,-1
-1,-1
-1,-1
-1,-1
-1,-1
-1,-1
-1,-1
-1,-1
-1,-1
-1,-1
-1,-1
-1,-1
-1,-1
-1,-1
-1,-1
-1,-1
-1,-1
-1,-1
-1,-1
-1,-1
-1,-1
-1,-1
-1,-1
-1,-1
-1,-1
-1,-1
-1,0
-1,0
-1,-1
-1,-1
-1,-1
-1,-1
-1,-1
-1,-1
-1,-1
-1,-1
116295,7
-1,-1
-1,-1
-1,-1
-1,-1
180437,50
-1,-1
-1,-1
-1,-1
-1,-1
-1,-1
-1,-1
-1,-1
-1,-1
-1,-1
-1,-1
-1,-1
-1,-1
-1,-1
-1,-1
-1,-1
-1,-1
-1,-1
118703,538
-1,-1
-1,-1
-1,-1
