317819,1330,20778810
273705,70,741325
288485,68,613669
291223,73,1046587
296598,72,982643
304934,66,516799
391848,44,57196
366868,61,330771
518024,50,109468
271683,71,882465
400587,56,187155
367722,66,510412
147570,99,13037079
376810,51,118861
362057,51,112843
372569,62,339776
332875,41,42686
285322,70,763476
410213,51,115218
329189,48,83017
390436,32,16633
312125,47,82407
398574,35,23757
325286,45,64567
-1,1,0
-1,-1
-1,-1
-1,-1
-1,-1
-1,-1
-1,-1
-1,-1
-1,-1
-1,-1
-1,-1
-1,-1
279378,1
-1,-1
-1,-1
-1,-1
-1,-1
-1,-1
249326,14
-1,-1
-1,-1
-1,-1
-1,-1
-1,-1
-1,-1
-1,-1
-1,-1
-1,0
-1,-1
-1,-1
-1,-1
-1,-1
-1,-1
-1,-1
-1,-1
-1,-1
-1,-1
-1,-1
-1,-1
-1,-1
-1,-1
-1,-1
-1,-1
-1,-1
-1,-1
-1,-1
-1,-1
-1,-1
-1,-1
-1,-1
-1,-1
-1,-1
-1,-1
-1,-1
-1,-1
-1,0
-1,0
-1,-1
-1,-1
-1,-1
-1,-1
-1,-1
-1,-1
-1,-1
-1,-1
116280,7
-1,-1
-1,-1
-1,-1
-1,-1
180413,50
-1,-1
-1,-1
-1,-1
-1,-1
-1,-1
-1,-1
-1,-1
-1,-1
-1,-1
-1,-1
-1,-1
-1,-1
-1,-1
-1,-1
-1,-1
-1,-1
-1,-1
118694,538
-1,-1
-1,-1
-1,-1
