314112,1330,20778810
270042,70,741325
284696,68,613669
287391,73,1046587
292745,72,982643
301332,66,516799
387482,44,57196
362711,61,330771
513232,50,109468
268306,71,882465
396736,56,187155
364148,66,510412
146658,99,13037079
372812,51,118861
357965,51,112843
368288,62,339776
329235,41,42686
282189,70,763476
406045,51,115218
325293,48,83017
386327,32,16633
308310,47,82407
394972,35,23757
321540,45,64567
-1,1,0
-1,-1
-1,-1
-1,-1
-1,-1
-1,-1
-1,-1
-1,-1
-1,-1
-1,-1
-1,-1
-1,-1
276724,1
-1,-1
-1,-1
-1,-1
-1,-1
-1,-1
245741,14
-1,-1
-1,-1
-1,-1
-1,-1
-1,-1
-1,-1
-1,-1
-1,-1
-1,0
-1,-1
-1,-1
-1,-1
-1,-1
-1,-1
-1,-1
-1,-1
-1,-1
-1,-1
-1,-1
-1,-1
-1,-1
-1,-1
-1,-1
-1,-1
-1,-1
-1,-1
-1,-1
-1,-1
-1,-1
-1,-1
-1,-1
-1,-1
-1,-1
-1,-1
-1,-1
-1,-1
-1,0
-1,0
-1,-1
-1,-1
-1,-1
-1,-1
-1,-1
-1,-1
-1,-1
-1,-1
113836,7
-1,-1
-1,-1
-1,-1
-1,-1
177907,50
-1,-1
-1,-1
-1,-1
-1,-1
-1,-1
-1,-1
-1,-1
-1,-1
-1,-1
-1,-1
-1,-1
-1,-1
-1,-1
-1,-1
-1,-1
-1,-1
-1,-1
118141,538
-1,-1
-1,-1
-1,-1
