314190,1330,20778810
270133,70,741325
284771,68,613669
287491,73,1046587
292834,72,982643
301440,66,516799
387611,44,57196
362811,61,330771
513371,50,109468
268398,71,882465
396808,56,187155
364218,66,510412
146679,99,13037079
372905,51,118861
358062,51,112843
368423,62,339776
329332,41,42686
282270,70,763476
406147,51,115218
325387,48,83017
386428,32,16633
308385,47,82407
395069,35,23757
321633,45,64567
-1,1,0
-1,-1
-1,-1
-1,-1
-1,-1
-1,-1
-1,-1
-1,-1
-1,-1
-1,-1
-1,-1
-1,-1
276794,1
-1,-1
-1,-1
-1,-1
-1,-1
-1,-1
245820,14
-1,-1
-1,-1
-1,-1
-1,-1
-1,-1
-1,-1
-1,-1
-1,-1
-1,0
-1,-1
-1,-1
-1,-1
-1,-1
-1,-1
-1,-1
-1,-1
-1,-1
-1,-1
-1,-1
-1,-1
-1,-1
-1,-1
-1,-1
-1,-1
-1,-1
-1,-1
-1,-1
-1,-1
-1,-1
-1,-1
-1,-1
-1,-1
-1,-1
-1,-1
-1,-1
-1,-1
-1,0
-1,0
-1,-1
-1,-1
-1,-1
-1,-1
-1,-1
-1,-1
-1,-1
-1,-1
113887,7
-1,-1
-1,-1
-1,-1
-1,-1
177964,50
-1,-1
-1,-1
-1,-1
-1,-1
-1,-1
-1,-1
-1,-1
-1,-1
-1,-1
-1,-1
-1,-1
-1,-1
-1,-1
-1,-1
-1,-1
-1,-1
-1,-1
118162,538
-1,-1
-1,-1
-1,-1
