309594,1330,20778810
265770,70,741325
280204,68,613669
282752,73,1046587
288179,72,982643
297234,66,516799
381708,44,57196
357562,61,330771
506552,50,109468
264266,71,882465
391733,56,187155
359659,66,510412
145297,99,13037079
367820,51,118861
352925,51,112843
362944,62,339776
324870,41,42686
278132,70,763476
399753,51,115218
320830,48,83017
381095,32,16633
303586,47,82407
389846,35,23757
317085,45,64567
-1,1,0
-1,-1
-1,-1
-1,-1
-1,-1
-1,-1
-1,-1
-1,-1
-1,-1
-1,-1
-1,-1
-1,-1
273724,1
-1,-1
-1,-1
-1,-1
-1,-1
-1,-1
241338,14
-1,-1
-1,-1
-1,-1
-1,-1
-1,-1
-1,-1
-1,-1
-1,-1
-1,0
-1,-1
-1,-1
-1,-1
-1,-1
-1,-1
-1,-1
-1,-1
-1,-1
-1,-1
-1,-1
-1,-1
-1,-1
-1,-1
-1,-1
-1,-1
-1,-1
-1,-1
-1,-1
-1,-1
-1,-1
-1,-1
-1,-1
-1,-1
-1,-1
-1,-1
-1,-1
-1,-1
-1,0
-1,0
-1,-1
-1,-1
-1,-1
-1,-1
-1,-1
-1,-1
-1,-1
-1,-1
110803,7
-1,-1
-1,-1
-1,-1
-1,-1
174527,50
-1,-1
-1,-1
-1,-1
-1,-1
-1,-1
-1,-1
-1,-1
-1,-1
-1,-1
-1,-1
-1,-1
-1,-1
-1,-1
-1,-1
-1,-1
-1,-1
-1,-1
117130,538
-1,-1
-1,-1
-1,-1
