309583,1330,20778810
265761,70,741325
280196,68,613669
282745,73,1046587
288167,72,982643
297228,66,516799
381698,44,57196
357550,61,330771
506545,50,109468
264262,71,882465
391727,56,187155
359648,66,510412
145293,99,13037079
367810,51,118861
352914,51,112843
362935,62,339776
324862,41,42686
278129,70,763476
399740,51,115218
320824,48,83017
381077,32,16633
303583,47,82407
389834,35,23757
317076,45,64567
-1,1,0
-1,-1
-1,-1
-1,-1
-1,-1
-1,-1
-1,-1
-1,-1
-1,-1
-1,-1
-1,-1
-1,-1
273718,1
-1,-1
-1,-1
-1,-1
-1,-1
-1,-1
241324,14
-1,-1
-1,-1
-1,-1
-1,-1
-1,-1
-1,-1
-1,-1
-1,-1
-1,0
-1,-1
-1,-1
-1,-1
-1,-1
-1,-1
-1,-1
-1,-1
-1,-1
-1,-1
-1,-1
-1,-1
-1,-1
-1,-1
-1,-1
-1,-1
-1,-1
-1,-1
-1,-1
-1,-1
-1,-1
-1,-1
-1,-1
-1,-1
-1,-1
-1,-1
-1,-1
-1,-1
-1,0
-1,0
-1,-1
-1,-1
-1,-1
-1,-1
-1,-1
-1,-1
-1,-1
-1,-1
110792,7
-1,-1
-1,-1
-1,-1
-1,-1
174521,50
-1,-1
-1,-1
-1,-1
-1,-1
-1,-1
-1,-1
-1,-1
-1,-1
-1,-1
-1,-1
-1,-1
-1,-1
-1,-1
-1,-1
-1,-1
-1,-1
-1,-1
117128,538
-1,-1
-1,-1
-1,-1
