309626,1330,20778810
265813,70,741325
280237,68,613669
282795,73,1046587
288211,72,982643
297265,66,516799
381754,44,57196
357606,61,330771
506613,50,109468
264289,71,882465
391789,56,187155
359700,66,510412
145303,99,13037079
367869,51,118861
352983,51,112843
363000,62,339776
324907,41,42686
278158,70,763476
399821,51,115218
320869,48,83017
381143,32,16633
303639,47,82407
389895,35,23757
317117,45,64567
-1,1,0
-1,-1
-1,-1
-1,-1
-1,-1
-1,-1
-1,-1
-1,-1
-1,-1
-1,-1
-1,-1
-1,-1
273744,1
-1,-1
-1,-1
-1,-1
-1,-1
-1,-1
241390,14
-1,-1
-1,-1
-1,-1
-1,-1
-1,-1
-1,-1
-1,-1
-1,-1
-1,0
-1,-1
-1,-1
-1,-1
-1,-1
-1,-1
-1,-1
-1,-1
-1,-1
-1,-1
-1,-1
-1,-1
-1,-1
-1,-1
-1,-1
-1,-1
-1,-1
-1,-1
-1,-1
-1,-1
-1,-1
-1,-1
-1,-1
-1,-1
-1,-1
-1,-1
-1,-1
-1,-1
-1,0
-1,0
-1,-1
-1,-1
-1,-1
-1,-1
-1,-1
-1,-1
-1,-1
-1,-1
110825,7
-1,-1
-1,-1
-1,-1
-1,-1
174564,50
-1,-1
-1,-1
-1,-1
-1,-1
-1,-1
-1,-1
-1,-1
-1,-1
-1,-1
-1,-1
-1,-1
-1,-1
-1,-1
-1,-1
-1,-1
-1,-1
-1,-1
117140,538
-1,-1
-1,-1
-1,-1
