309576,1330,20778810
265750,70,741325
280189,68,613669
282743,73,1046587
288158,72,982643
297224,66,516799
381684,44,57196
357539,61,330771
506534,50,109468
264257,71,882465
391718,56,187155
359641,66,510412
145290,99,13037079
367803,51,118861
352912,51,112843
362923,62,339776
324854,41,42686
278124,70,763476
399729,51,115218
320817,48,83017
381074,32,16633
303574,47,82407
389826,35,23757
317067,45,64567
-1,1,0
-1,-1
-1,-1
-1,-1
-1,-1
-1,-1
-1,-1
-1,-1
-1,-1
-1,-1
-1,-1
-1,-1
273712,1
-1,-1
-1,-1
-1,-1
-1,-1
-1,-1
241317,14
-1,-1
-1,-1
-1,-1
-1,-1
-1,-1
-1,-1
-1,-1
-1,-1
-1,0
-1,-1
-1,-1
-1,-1
-1,-1
-1,-1
-1,-1
-1,-1
-1,-1
-1,-1
-1,-1
-1,-1
-1,-1
-1,-1
-1,-1
-1,-1
-1,-1
-1,-1
-1,-1
-1,-1
-1,-1
-1,-1
-1,-1
-1,-1
-1,-1
-1,-1
-1,-1
-1,-1
-1,0
-1,0
-1,-1
-1,-1
-1,-1
-1,-1
-1,-1
-1,-1
-1,-1
-1,-1
110785,7
-1,-1
-1,-1
-1,-1
-1,-1
174517,50
-1,-1
-1,-1
-1,-1
-1,-1
-1,-1
-1,-1
-1,-1
-1,-1
-1,-1
-1,-1
-1,-1
-1,-1
-1,-1
-1,-1
-1,-1
-1,-1
-1,-1
117126,538
-1,-1
-1,-1
-1,-1
