317942,1330,20778810
273842,70,741325
288631,68,613669
291363,73,1046587
296754,72,982643
305072,66,516799
392015,44,57196
367005,61,330771
518214,50,109468
271813,71,882465
400735,56,187155
367857,66,510412
147600,99,13037079
376947,51,118861
362177,51,112843
372721,62,339776
332994,41,42686
285444,70,763476
410369,51,115218
329328,48,83017
390558,32,16633
312246,47,82407
398725,35,23757
325417,45,64567
-1,1,0
-1,-1
-1,-1
-1,-1
-1,-1
-1,-1
-1,-1
-1,-1
-1,-1
-1,-1
-1,-1
-1,-1
279466,1
-1,-1
-1,-1
-1,-1
-1,-1
-1,-1
249440,14
-1,-1
-1,-1
-1,-1
-1,-1
-1,-1
-1,-1
-1,-1
-1,-1
-1,0
-1,-1
-1,-1
-1,-1
-1,-1
-1,-1
-1,-1
-1,-1
-1,-1
-1,-1
-1,-1
-1,-1
-1,-1
-1,-1
-1,-1
-1,-1
-1,-1
-1,-1
-1,-1
-1,-1
-1,-1
-1,-1
-1,-1
-1,-1
-1,-1
-1,-1
-1,-1
-1,-1
-1,0
-1,0
-1,-1
-1,-1
-1,-1
-1,-1
-1,-1
-1,-1
-1,-1
-1,-1
116362,7
-1,-1
-1,-1
-1,-1
-1,-1
180506,50
-1,-1
-1,-1
-1,-1
-1,-1
-1,-1
-1,-1
-1,-1
-1,-1
-1,-1
-1,-1
-1,-1
-1,-1
-1,-1
-1,-1
-1,-1
-1,-1
-1,-1
118727,538
-1,-1
-1,-1
-1,-1
