317964,1330,20778810
273870,70,741325
288657,68,613669
291384,73,1046587
296788,72,982643
305100,66,516799
392032,44,57196
367020,61,330771
518241,50,109468
271834,71,882465
400761,56,187155
367870,66,510412
147613,99,13037079
376967,51,118861
362197,51,112843
372776,62,339776
333017,41,42686
285465,70,763476
410403,51,115218
329336,48,83017
390583,32,16633
312271,47,82407
398749,35,23757
325441,45,64567
-1,1,0
-1,-1
-1,-1
-1,-1
-1,-1
-1,-1
-1,-1
-1,-1
-1,-1
-1,-1
-1,-1
-1,-1
279482,1
-1,-1
-1,-1
-1,-1
-1,-1
-1,-1
249470,14
-1,-1
-1,-1
-1,-1
-1,-1
-1,-1
-1,-1
-1,-1
-1,-1
-1,0
-1,-1
-1,-1
-1,-1
-1,-1
-1,-1
-1,-1
-1,-1
-1,-1
-1,-1
-1,-1
-1,-1
-1,-1
-1,-1
-1,-1
-1,-1
-1,-1
-1,-1
-1,-1
-1,-1
-1,-1
-1,-1
-1,-1
-1,-1
-1,-1
-1,-1
-1,-1
-1,-1
-1,0
-1,0
-1,-1
-1,-1
-1,-1
-1,-1
-1,-1
-1,-1
-1,-1
-1,-1
116379,7
-1,-1
-1,-1
-1,-1
-1,-1
180513,50
-1,-1
-1,-1
-1,-1
-1,-1
-1,-1
-1,-1
-1,-1
-1,-1
-1,-1
-1,-1
-1,-1
-1,-1
-1,-1
-1,-1
-1,-1
-1,-1
-1,-1
118735,538
-1,-1
-1,-1
-1,-1
