318032,1330,20778810
273946,70,741325
288725,68,613669
291449,73,1046587
296871,72,982643
305185,66,516799
392104,44,57196
367095,61,330771
518332,50,109468
271896,71,882465
400828,56,187155
367933,66,510412
147647,99,13037079
377038,51,118861
362291,51,112843
372860,62,339776
333075,41,42686
285523,70,763476
410463,51,115218
329410,48,83017
390652,32,16633
312325,47,82407
398812,35,23757
325501,45,64567
-1,1,0
-1,-1
-1,-1
-1,-1
-1,-1
-1,-1
-1,-1
-1,-1
-1,-1
-1,-1
-1,-1
-1,-1
279520,1
-1,-1
-1,-1
-1,-1
-1,-1
-1,-1
249527,14
-1,-1
-1,-1
-1,-1
-1,-1
-1,-1
-1,-1
-1,-1
-1,-1
-1,0
-1,-1
-1,-1
-1,-1
-1,-1
-1,-1
-1,-1
-1,-1
-1,-1
-1,-1
-1,-1
-1,-1
-1,-1
-1,-1
-1,-1
-1,-1
-1,-1
-1,-1
-1,-1
-1,-1
-1,-1
-1,-1
-1,-1
-1,-1
-1,-1
-1,-1
-1,-1
-1,-1
-1,0
-1,0
-1,-1
-1,-1
-1,-1
-1,-1
-1,-1
-1,-1
-1,-1
-1,-1
116421,7
-1,-1
-1,-1
-1,-1
-1,-1
180545,50
-1,-1
-1,-1
-1,-1
-1,-1
-1,-1
-1,-1
-1,-1
-1,-1
-1,-1
-1,-1
-1,-1
-1,-1
-1,-1
-1,-1
-1,-1
-1,-1
-1,-1
118754,538
-1,-1
-1,-1
-1,-1
