318002,1330,20778810
273908,70,741325
288690,68,613669
291422,73,1046587
296830,72,982643
305140,66,516799
392069,44,57196
367061,61,330771
518293,50,109468
271870,71,882465
400797,56,187155
367906,66,510412
147629,99,13037079
377005,51,118861
362240,51,112843
372824,62,339776
333056,41,42686
285484,70,763476
410430,51,115218
329374,48,83017
390624,32,16633
312301,47,82407
398773,35,23757
325480,45,64567
-1,1,0
-1,-1
-1,-1
-1,-1
-1,-1
-1,-1
-1,-1
-1,-1
-1,-1
-1,-1
-1,-1
-1,-1
279498,1
-1,-1
-1,-1
-1,-1
-1,-1
-1,-1
249499,14
-1,-1
-1,-1
-1,-1
-1,-1
-1,-1
-1,-1
-1,-1
-1,-1
-1,0
-1,-1
-1,-1
-1,-1
-1,-1
-1,-1
-1,-1
-1,-1
-1,-1
-1,-1
-1,-1
-1,-1
-1,-1
-1,-1
-1,-1
-1,-1
-1,-1
-1,-1
-1,-1
-1,-1
-1,-1
-1,-1
-1,-1
-1,-1
-1,-1
-1,-1
-1,-1
-1,-1
-1,0
-1,0
-1,-1
-1,-1
-1,-1
-1,-1
-1,-1
-1,-1
-1,-1
-1,-1
116401,7
-1,-1
-1,-1
-1,-1
-1,-1
180532,50
-1,-1
-1,-1
-1,-1
-1,-1
-1,-1
-1,-1
-1,-1
-1,-1
-1,-1
-1,-1
-1,-1
-1,-1
-1,-1
-1,-1
-1,-1
-1,-1
-1,-1
118748,538
-1,-1
-1,-1
-1,-1
