309754,1330,20778810
265923,70,741325
280345,68,613669
282920,73,1046587
288327,72,982643
297370,66,516799
381907,44,57196
357731,61,330771
506813,50,109468
264402,71,882465
391908,56,187155
359823,66,510412
145332,99,13037079
367985,51,118861
353105,51,112843
363133,62,339776
325010,41,42686
278257,70,763476
400037,51,115218
320980,48,83017
381252,32,16633
303774,47,82407
390045,35,23757
317235,45,64567
-1,1,0
-1,-1
-1,-1
-1,-1
-1,-1
-1,-1
-1,-1
-1,-1
-1,-1
-1,-1
-1,-1
-1,-1
273822,1
-1,-1
-1,-1
-1,-1
-1,-1
-1,-1
241520,14
-1,-1
-1,-1
-1,-1
-1,-1
-1,-1
-1,-1
-1,-1
-1,-1
-1,0
-1,-1
-1,-1
-1,-1
-1,-1
-1,-1
-1,-1
-1,-1
-1,-1
-1,-1
-1,-1
-1,-1
-1,-1
-1,-1
-1,-1
-1,-1
-1,-1
-1,-1
-1,-1
-1,-1
-1,-1
-1,-1
-1,-1
-1,-1
-1,-1
-1,-1
-1,-1
-1,-1
-1,0
-1,0
-1,-1
-1,-1
-1,-1
-1,-1
-1,-1
-1,-1
-1,-1
-1,-1
110902,7
-1,-1
-1,-1
-1,-1
-1,-1
174639,50
-1,-1
-1,-1
-1,-1
-1,-1
-1,-1
-1,-1
-1,-1
-1,-1
-1,-1
-1,-1
-1,-1
-1,-1
-1,-1
-1,-1
-1,-1
-1,-1
-1,-1
117170,538
-1,-1
-1,-1
-1,-1
