314259,1330,20778810
270222,70,741325
284847,68,613669
287558,73,1046587
292909,72,982643
301519,66,516799
387716,44,57196
362889,61,330771
513499,50,109468
268470,71,882465
396898,56,187155
364306,66,510412
146713,99,13037079
372989,51,118861
358146,51,112843
368529,62,339776
329408,41,42686
282339,70,763476
406260,51,115218
325471,48,83017
386510,32,16633
308481,47,82407
395168,35,23757
321705,45,64567
-1,1,0
-1,-1
-1,-1
-1,-1
-1,-1
-1,-1
-1,-1
-1,-1
-1,-1
-1,-1
-1,-1
-1,-1
276849,1
-1,-1
-1,-1
-1,-1
-1,-1
-1,-1
245895,14
-1,-1
-1,-1
-1,-1
-1,-1
-1,-1
-1,-1
-1,-1
-1,-1
-1,0
-1,-1
-1,-1
-1,-1
-1,-1
-1,-1
-1,-1
-1,-1
-1,-1
-1,-1
-1,-1
-1,-1
-1,-1
-1,-1
-1,-1
-1,-1
-1,-1
-1,-1
-1,-1
-1,-1
-1,-1
-1,-1
-1,-1
-1,-1
-1,-1
-1,-1
-1,-1
-1,-1
-1,0
-1,0
-1,-1
-1,-1
-1,-1
-1,-1
-1,-1
-1,-1
-1,-1
-1,-1
113937,7
-1,-1
-1,-1
-1,-1
-1,-1
178015,50
-1,-1
-1,-1
-1,-1
-1,-1
-1,-1
-1,-1
-1,-1
-1,-1
-1,-1
-1,-1
-1,-1
-1,-1
-1,-1
-1,-1
-1,-1
-1,-1
-1,-1
118183,538
-1,-1
-1,-1
-1,-1
