309703,1330,20778810
265880,70,741325
280300,68,613669
282858,73,1046587
288274,72,982643
297320,66,516799
381842,44,57196
357683,61,330771
506738,50,109468
264348,71,882465
391858,56,187155
359781,66,510412
145327,99,13037079
367937,51,118861
353051,51,112843
363073,62,339776
324966,41,42686
278223,70,763476
399946,51,115218
320932,48,83017
381204,32,16633
303726,47,82407
389987,35,23757
317189,45,64567
-1,1,0
-1,-1
-1,-1
-1,-1
-1,-1
-1,-1
-1,-1
-1,-1
-1,-1
-1,-1
-1,-1
-1,-1
273788,1
-1,-1
-1,-1
-1,-1
-1,-1
-1,-1
241476,14
-1,-1
-1,-1
-1,-1
-1,-1
-1,-1
-1,-1
-1,-1
-1,-1
-1,0
-1,-1
-1,-1
-1,-1
-1,-1
-1,-1
-1,-1
-1,-1
-1,-1
-1,-1
-1,-1
-1,-1
-1,-1
-1,-1
-1,-1
-1,-1
-1,-1
-1,-1
-1,-1
-1,-1
-1,-1
-1,-1
-1,-1
-1,-1
-1,-1
-1,-1
-1,-1
-1,-1
-1,0
-1,0
-1,-1
-1,-1
-1,-1
-1,-1
-1,-1
-1,-1
-1,-1
-1,-1
110872,7
-1,-1
-1,-1
-1,-1
-1,-1
174611,50
-1,-1
-1,-1
-1,-1
-1,-1
-1,-1
-1,-1
-1,-1
-1,-1
-1,-1
-1,-1
-1,-1
-1,-1
-1,-1
-1,-1
-1,-1
-1,-1
-1,-1
117155,538
-1,-1
-1,-1
-1,-1
