314281,1330,20778810
270248,70,741325
284877,68,613669
287579,73,1046587
292937,72,982643
301542,66,516799
387756,44,57196
362919,61,330771
513536,50,109468
268491,71,882465
396928,56,187155
364336,66,510412
146718,99,13037079
373008,51,118861
358170,51,112843
368565,62,339776
329435,41,42686
282363,70,763476
406296,51,115218
325505,48,83017
386533,32,16633
308501,47,82407
395191,35,23757
321733,45,64567
-1,1,0
-1,-1
-1,-1
-1,-1
-1,-1
-1,-1
-1,-1
-1,-1
-1,-1
-1,-1
-1,-1
-1,-1
276862,1
-1,-1
-1,-1
-1,-1
-1,-1
-1,-1
245916,14
-1,-1
-1,-1
-1,-1
-1,-1
-1,-1
-1,-1
-1,-1
-1,-1
-1,0
-1,-1
-1,-1
-1,-1
-1,-1
-1,-1
-1,-1
-1,-1
-1,-1
-1,-1
-1,-1
-1,-1
-1,-1
-1,-1
-1,-1
-1,-1
-1,-1
-1,-1
-1,-1
-1,-1
-1,-1
-1,-1
-1,-1
-1,-1
-1,-1
-1,-1
-1,-1
-1,-1
-1,0
-1,0
-1,-1
-1,-1
-1,-1
-1,-1
-1,-1
-1,-1
-1,-1
-1,-1
113948,7
-1,-1
-1,-1
-1,-1
-1,-1
178034,50
-1,-1
-1,-1
-1,-1
-1,-1
-1,-1
-1,-1
-1,-1
-1,-1
-1,-1
-1,-1
-1,-1
-1,-1
-1,-1
-1,-1
-1,-1
-1,-1
-1,-1
118184,538
-1,-1
-1,-1
-1,-1
