309730,1330,20778810
265907,70,741325
280323,68,613669
282888,73,1046587
288301,72,982643
297348,66,516799
381885,44,57196
357704,61,330771
506778,50,109468
264372,71,882465
391875,56,187155
359799,66,510412
145327,99,13037079
367955,51,118861
353085,51,112843
363099,62,339776
324986,41,42686
278233,70,763476
399998,51,115218
320952,48,83017
381233,32,16633
303745,47,82407
390014,35,23757
317217,45,64567
-1,1,0
-1,-1
-1,-1
-1,-1
-1,-1
-1,-1
-1,-1
-1,-1
-1,-1
-1,-1
-1,-1
-1,-1
273803,1
-1,-1
-1,-1
-1,-1
-1,-1
-1,-1
241498,14
-1,-1
-1,-1
-1,-1
-1,-1
-1,-1
-1,-1
-1,-1
-1,-1
-1,0
-1,-1
-1,-1
-1,-1
-1,-1
-1,-1
-1,-1
-1,-1
-1,-1
-1,-1
-1,-1
-1,-1
-1,-1
-1,-1
-1,-1
-1,-1
-1,-1
-1,-1
-1,-1
-1,-1
-1,-1
-1,-1
-1,-1
-1,-1
-1,-1
-1,-1
-1,-1
-1,-1
-1,0
-1,0
-1,-1
-1,-1
-1,-1
-1,-1
-1,-1
-1,-1
-1,-1
-1,-1
110887,7
-1,-1
-1,-1
-1,-1
-1,-1
174625,50
-1,-1
-1,-1
-1,-1
-1,-1
-1,-1
-1,-1
-1,-1
-1,-1
-1,-1
-1,-1
-1,-1
-1,-1
-1,-1
-1,-1
-1,-1
-1,-1
-1,-1
117165,538
-1,-1
-1,-1
-1,-1
