318069,1330,20778810
273971,70,741325
288753,68,613669
291482,73,1046587
296896,72,982643
305215,66,516799
392137,44,57196
367142,61,330771
518372,50,109468
271931,71,882465
400878,56,187155
367958,66,510412
147660,99,13037079
377078,51,118861
362329,51,112843
372899,62,339776
333119,41,42686
285548,70,763476
410504,51,115218
329439,48,83017
390692,32,16633
312364,47,82407
398851,35,23757
325525,45,64567
-1,1,0
-1,-1
-1,-1
-1,-1
-1,-1
-1,-1
-1,-1
-1,-1
-1,-1
-1,-1
-1,-1
-1,-1
279539,1
-1,-1
-1,-1
-1,-1
-1,-1
-1,-1
249562,14
-1,-1
-1,-1
-1,-1
-1,-1
-1,-1
-1,-1
-1,-1
-1,-1
-1,0
-1,-1
-1,-1
-1,-1
-1,-1
-1,-1
-1,-1
-1,-1
-1,-1
-1,-1
-1,-1
-1,-1
-1,-1
-1,-1
-1,-1
-1,-1
-1,-1
-1,-1
-1,-1
-1,-1
-1,-1
-1,-1
-1,-1
-1,-1
-1,-1
-1,-1
-1,-1
-1,-1
-1,0
-1,0
-1,-1
-1,-1
-1,-1
-1,-1
-1,-1
-1,-1
-1,-1
-1,-1
116446,7
-1,-1
-1,-1
-1,-1
-1,-1
180570,50
-1,-1
-1,-1
-1,-1
-1,-1
-1,-1
-1,-1
-1,-1
-1,-1
-1,-1
-1,-1
-1,-1
-1,-1
-1,-1
-1,-1
-1,-1
-1,-1
-1,-1
118763,538
-1,-1
-1,-1
-1,-1
