318138,1330,20778810
274033,70,741325
288807,68,613669
291542,73,1046587
296947,72,982643
305254,66,516799
392222,44,57196
367209,61,330771
518461,50,109468
271976,71,882465
400943,56,187155
368015,66,510412
147685,99,13037079
377150,51,118861
362394,51,112843
372969,62,339776
333181,41,42686
285603,70,763476
410576,51,115218
329495,48,83017
390761,32,16633
312420,47,82407
398930,35,23757
325584,45,64567
-1,1,0
-1,-1
-1,-1
-1,-1
-1,-1
-1,-1
-1,-1
-1,-1
-1,-1
-1,-1
-1,-1
-1,-1
279591,1
-1,-1
-1,-1
-1,-1
-1,-1
-1,-1
249626,14
-1,-1
-1,-1
-1,-1
-1,-1
-1,-1
-1,-1
-1,-1
-1,-1
-1,0
-1,-1
-1,-1
-1,-1
-1,-1
-1,-1
-1,-1
-1,-1
-1,-1
-1,-1
-1,-1
-1,-1
-1,-1
-1,-1
-1,-1
-1,-1
-1,-1
-1,-1
-1,-1
-1,-1
-1,-1
-1,-1
-1,-1
-1,-1
-1,-1
-1,-1
-1,-1
-1,-1
-1,0
-1,0
-1,-1
-1,-1
-1,-1
-1,-1
-1,-1
-1,-1
-1,-1
-1,-1
116488,7
-1,-1
-1,-1
-1,-1
-1,-1
180610,50
-1,-1
-1,-1
-1,-1
-1,-1
-1,-1
-1,-1
-1,-1
-1,-1
-1,-1
-1,-1
-1,-1
-1,-1
-1,-1
-1,-1
-1,-1
-1,-1
-1,-1
118781,538
-1,-1
-1,-1
-1,-1
