318102,1330,20778810
274003,70,741325
288781,68,613669
291513,73,1046587
296922,72,982643
305233,66,516799
392172,44,57196
367172,61,330771
518419,50,109468
271957,71,882465
400907,56,187155
367982,66,510412
147666,99,13037079
377112,51,118861
362365,51,112843
372932,62,339776
333152,41,42686
285572,70,763476
410532,51,115218
329464,48,83017
390723,32,16633
312386,47,82407
398886,35,23757
325551,45,64567
-1,1,0
-1,-1
-1,-1
-1,-1
-1,-1
-1,-1
-1,-1
-1,-1
-1,-1
-1,-1
-1,-1
-1,-1
279563,1
-1,-1
-1,-1
-1,-1
-1,-1
-1,-1
249589,14
-1,-1
-1,-1
-1,-1
-1,-1
-1,-1
-1,-1
-1,-1
-1,-1
-1,0
-1,-1
-1,-1
-1,-1
-1,-1
-1,-1
-1,-1
-1,-1
-1,-1
-1,-1
-1,-1
-1,-1
-1,-1
-1,-1
-1,-1
-1,-1
-1,-1
-1,-1
-1,-1
-1,-1
-1,-1
-1,-1
-1,-1
-1,-1
-1,-1
-1,-1
-1,-1
-1,-1
-1,0
-1,0
-1,-1
-1,-1
-1,-1
-1,-1
-1,-1
-1,-1
-1,-1
-1,-1
116462,7
-1,-1
-1,-1
-1,-1
-1,-1
180591,50
-1,-1
-1,-1
-1,-1
-1,-1
-1,-1
-1,-1
-1,-1
-1,-1
-1,-1
-1,-1
-1,-1
-1,-1
-1,-1
-1,-1
-1,-1
-1,-1
-1,-1
118773,538
-1,-1
-1,-1
-1,-1
