318161,1330,20778810
274053,70,741325
288833,68,613669
291570,73,1046587
296973,72,982643
305273,66,516799
392261,44,57196
367251,61,330771
518497,50,109468
272005,71,882465
400981,56,187155
368039,66,510412
147690,99,13037079
377197,51,118861
362428,51,112843
372996,62,339776
333217,41,42686
285635,70,763476
410614,51,115218
329525,48,83017
390789,32,16633
312445,47,82407
398958,35,23757
325614,45,64567
-1,1,0
-1,-1
-1,-1
-1,-1
-1,-1
-1,-1
-1,-1
-1,-1
-1,-1
-1,-1
-1,-1
-1,-1
279613,1
-1,-1
-1,-1
-1,-1
-1,-1
-1,-1
249652,14
-1,-1
-1,-1
-1,-1
-1,-1
-1,-1
-1,-1
-1,-1
-1,-1
-1,0
-1,-1
-1,-1
-1,-1
-1,-1
-1,-1
-1,-1
-1,-1
-1,-1
-1,-1
-1,-1
-1,-1
-1,-1
-1,-1
-1,-1
-1,-1
-1,-1
-1,-1
-1,-1
-1,-1
-1,-1
-1,-1
-1,-1
-1,-1
-1,-1
-1,-1
-1,-1
-1,-1
-1,0
-1,0
-1,-1
-1,-1
-1,-1
-1,-1
-1,-1
-1,-1
-1,-1
-1,-1
116510,7
-1,-1
-1,-1
-1,-1
-1,-1
180631,50
-1,-1
-1,-1
-1,-1
-1,-1
-1,-1
-1,-1
-1,-1
-1,-1
-1,-1
-1,-1
-1,-1
-1,-1
-1,-1
-1,-1
-1,-1
-1,-1
-1,-1
118793,538
-1,-1
-1,-1
-1,-1
