314374,1330,20778810
270338,70,741325
284983,68,613669
287677,73,1046587
293021,72,982643
301645,66,516799
387866,44,57196
363048,61,330771
513678,50,109468
268586,71,882465
397050,56,187155
364442,66,510412
146746,99,13037079
373119,51,118861
358252,51,112843
368679,62,339776
329512,41,42686
282454,70,763476
406412,51,115218
325616,48,83017
386620,32,16633
308603,47,82407
395300,35,23757
321840,45,64567
-1,1,0
-1,-1
-1,-1
-1,-1
-1,-1
-1,-1
-1,-1
-1,-1
-1,-1
-1,-1
-1,-1
-1,-1
276929,1
-1,-1
-1,-1
-1,-1
-1,-1
-1,-1
246012,14
-1,-1
-1,-1
-1,-1
-1,-1
-1,-1
-1,-1
-1,-1
-1,-1
-1,0
-1,-1
-1,-1
-1,-1
-1,-1
-1,-1
-1,-1
-1,-1
-1,-1
-1,-1
-1,-1
-1,-1
-1,-1
-1,-1
-1,-1
-1,-1
-1,-1
-1,-1
-1,-1
-1,-1
-1,-1
-1,-1
-1,-1
-1,-1
-1,-1
-1,-1
-1,-1
-1,-1
-1,0
-1,0
-1,-1
-1,-1
-1,-1
-1,-1
-1,-1
-1,-1
-1,-1
-1,-1
114017,7
-1,-1
-1,-1
-1,-1
-1,-1
178083,50
-1,-1
-1,-1
-1,-1
-1,-1
-1,-1
-1,-1
-1,-1
-1,-1
-1,-1
-1,-1
-1,-1
-1,-1
-1,-1
-1,-1
-1,-1
-1,-1
-1,-1
118209,538
-1,-1
-1,-1
-1,-1
