309856,1330,20778810
266026,70,741325
280440,68,613669
283032,73,1046587
288430,72,982643
297468,66,516799
382018,44,57196
357838,61,330771
507007,50,109468
264515,71,882465
392044,56,187155
359924,66,510412
145372,99,13037079
368116,51,118861
353228,51,112843
363285,62,339776
325108,41,42686
278355,70,763476
400236,51,115218
321080,48,83017
381374,32,16633
303878,47,82407
390211,35,23757
317345,45,64567
-1,1,0
-1,-1
-1,-1
-1,-1
-1,-1
-1,-1
-1,-1
-1,-1
-1,-1
-1,-1
-1,-1
-1,-1
273878,1
-1,-1
-1,-1
-1,-1
-1,-1
-1,-1
241617,14
-1,-1
-1,-1
-1,-1
-1,-1
-1,-1
-1,-1
-1,-1
-1,-1
-1,0
-1,-1
-1,-1
-1,-1
-1,-1
-1,-1
-1,-1
-1,-1
-1,-1
-1,-1
-1,-1
-1,-1
-1,-1
-1,-1
-1,-1
-1,-1
-1,-1
-1,-1
-1,-1
-1,-1
-1,-1
-1,-1
-1,-1
-1,-1
-1,-1
-1,-1
-1,-1
-1,-1
-1,0
-1,0
-1,-1
-1,-1
-1,-1
-1,-1
-1,-1
-1,-1
-1,-1
-1,-1
110985,7
-1,-1
-1,-1
-1,-1
-1,-1
174721,50
-1,-1
-1,-1
-1,-1
-1,-1
-1,-1
-1,-1
-1,-1
-1,-1
-1,-1
-1,-1
-1,-1
-1,-1
-1,-1
-1,-1
-1,-1
-1,-1
-1,-1
117209,538
-1,-1
-1,-1
-1,-1
