309939,1330,20778810
266115,70,741325
280554,68,613669
283151,73,1046587
288537,72,982643
297560,66,516799
382152,44,57196
357944,61,330771
507185,50,109468
264605,71,882465
392144,56,187155
360013,66,510412
145396,99,13037079
368236,51,118861
353330,51,112843
363405,62,339776
325183,41,42686
278424,70,763476
400378,51,115218
321173,48,83017
381483,32,16633
303964,47,82407
390349,35,23757
317453,45,64567
-1,1,0
-1,-1
-1,-1
-1,-1
-1,-1
-1,-1
-1,-1
-1,-1
-1,-1
-1,-1
-1,-1
-1,-1
273936,1
-1,-1
-1,-1
-1,-1
-1,-1
-1,-1
241692,14
-1,-1
-1,-1
-1,-1
-1,-1
-1,-1
-1,-1
-1,-1
-1,-1
-1,0
-1,-1
-1,-1
-1,-1
-1,-1
-1,-1
-1,-1
-1,-1
-1,-1
-1,-1
-1,-1
-1,-1
-1,-1
-1,-1
-1,-1
-1,-1
-1,-1
-1,-1
-1,-1
-1,-1
-1,-1
-1,-1
-1,-1
-1,-1
-1,-1
-1,-1
-1,-1
-1,-1
-1,0
-1,0
-1,-1
-1,-1
-1,-1
-1,-1
-1,-1
-1,-1
-1,-1
-1,-1
111039,7
-1,-1
-1,-1
-1,-1
-1,-1
174782,50
-1,-1
-1,-1
-1,-1
-1,-1
-1,-1
-1,-1
-1,-1
-1,-1
-1,-1
-1,-1
-1,-1
-1,-1
-1,-1
-1,-1
-1,-1
-1,-1
-1,-1
117216,538
-1,-1
-1,-1
-1,-1
