309896,1330,20778810
266066,70,741325
280490,68,613669
283095,73,1046587
288485,72,982643
297510,66,516799
382086,44,57196
357887,61,330771
507077,50,109468
264551,71,882465
392085,56,187155
359966,66,510412
145380,99,13037079
368162,51,118861
353277,51,112843
363334,62,339776
325138,41,42686
278382,70,763476
400303,51,115218
321128,48,83017
381425,32,16633
303914,47,82407
390283,35,23757
317404,45,64567
-1,1,0
-1,-1
-1,-1
-1,-1
-1,-1
-1,-1
-1,-1
-1,-1
-1,-1
-1,-1
-1,-1
-1,-1
273902,1
-1,-1
-1,-1
-1,-1
-1,-1
-1,-1
241647,14
-1,-1
-1,-1
-1,-1
-1,-1
-1,-1
-1,-1
-1,-1
-1,-1
-1,0
-1,-1
-1,-1
-1,-1
-1,-1
-1,-1
-1,-1
-1,-1
-1,-1
-1,-1
-1,-1
-1,-1
-1,-1
-1,-1
-1,-1
-1,-1
-1,-1
-1,-1
-1,-1
-1,-1
-1,-1
-1,-1
-1,-1
-1,-1
-1,-1
-1,-1
-1,-1
-1,-1
-1,0
-1,0
-1,-1
-1,-1
-1,-1
-1,-1
-1,-1
-1,-1
-1,-1
-1,-1
111013,7
-1,-1
-1,-1
-1,-1
-1,-1
174752,50
-1,-1
-1,-1
-1,-1
-1,-1
-1,-1
-1,-1
-1,-1
-1,-1
-1,-1
-1,-1
-1,-1
-1,-1
-1,-1
-1,-1
-1,-1
-1,-1
-1,-1
117205,538
-1,-1
-1,-1
-1,-1
