309840,1330,20778810
266012,70,741325
280420,68,613669
283014,73,1046587
288412,72,982643
297458,66,516799
382006,44,57196
357819,61,330771
506974,50,109468
264499,71,882465
392018,56,187155
359904,66,510412
145364,99,13037079
368098,51,118861
353208,51,112843
363267,62,339776
325095,41,42686
278341,70,763476
400206,51,115218
321063,48,83017
381357,32,16633
303863,47,82407
390180,35,23757
317328,45,64567
-1,1,0
-1,-1
-1,-1
-1,-1
-1,-1
-1,-1
-1,-1
-1,-1
-1,-1
-1,-1
-1,-1
-1,-1
273868,1
-1,-1
-1,-1
-1,-1
-1,-1
-1,-1
241603,14
-1,-1
-1,-1
-1,-1
-1,-1
-1,-1
-1,-1
-1,-1
-1,-1
-1,0
-1,-1
-1,-1
-1,-1
-1,-1
-1,-1
-1,-1
-1,-1
-1,-1
-1,-1
-1,-1
-1,-1
-1,-1
-1,-1
-1,-1
-1,-1
-1,-1
-1,-1
-1,-1
-1,-1
-1,-1
-1,-1
-1,-1
-1,-1
-1,-1
-1,-1
-1,-1
-1,-1
-1,0
-1,0
-1,-1
-1,-1
-1,-1
-1,-1
-1,-1
-1,-1
-1,-1
-1,-1
110977,7
-1,-1
-1,-1
-1,-1
-1,-1
174709,50
-1,-1
-1,-1
-1,-1
-1,-1
-1,-1
-1,-1
-1,-1
-1,-1
-1,-1
-1,-1
-1,-1
-1,-1
-1,-1
-1,-1
-1,-1
-1,-1
-1,-1
117198,538
-1,-1
-1,-1
-1,-1
