309880,1330,20778810
266055,70,741325
280476,68,613669
283068,73,1046587
288467,72,982643
297495,66,516799
382064,44,57196
357877,61,330771
507052,50,109468
264546,71,882465
392070,56,187155
359953,66,510412
145376,99,13037079
368149,51,118861
353258,51,112843
363321,62,339776
325126,41,42686
278371,70,763476
400282,51,115218
321115,48,83017
381408,32,16633
303900,47,82407
390260,35,23757
317385,45,64567
-1,1,0
-1,-1
-1,-1
-1,-1
-1,-1
-1,-1
-1,-1
-1,-1
-1,-1
-1,-1
-1,-1
-1,-1
273896,1
-1,-1
-1,-1
-1,-1
-1,-1
-1,-1
241634,14
-1,-1
-1,-1
-1,-1
-1,-1
-1,-1
-1,-1
-1,-1
-1,-1
-1,0
-1,-1
-1,-1
-1,-1
-1,-1
-1,-1
-1,-1
-1,-1
-1,-1
-1,-1
-1,-1
-1,-1
-1,-1
-1,-1
-1,-1
-1,-1
-1,-1
-1,-1
-1,-1
-1,-1
-1,-1
-1,-1
-1,-1
-1,-1
-1,-1
-1,-1
-1,-1
-1,-1
-1,0
-1,0
-1,-1
-1,-1
-1,-1
-1,-1
-1,-1
-1,-1
-1,-1
-1,-1
111004,7
-1,-1
-1,-1
-1,-1
-1,-1
174738,50
-1,-1
-1,-1
-1,-1
-1,-1
-1,-1
-1,-1
-1,-1
-1,-1
-1,-1
-1,-1
-1,-1
-1,-1
-1,-1
-1,-1
-1,-1
-1,-1
-1,-1
117202,538
-1,-1
-1,-1
-1,-1
