309864,1330,20778810
266038,70,741325
280459,68,613669
283046,73,1046587
288444,72,982643
297475,66,516799
382036,44,57196
357853,61,330771
507030,50,109468
264529,71,882465
392059,56,187155
359934,66,510412
145370,99,13037079
368128,51,118861
353237,51,112843
363296,62,339776
325116,41,42686
278356,70,763476
400246,51,115218
321100,48,83017
381379,32,16633
303885,47,82407
390233,35,23757
317360,45,64567
-1,1,0
-1,-1
-1,-1
-1,-1
-1,-1
-1,-1
-1,-1
-1,-1
-1,-1
-1,-1
-1,-1
-1,-1
273887,1
-1,-1
-1,-1
-1,-1
-1,-1
-1,-1
241619,14
-1,-1
-1,-1
-1,-1
-1,-1
-1,-1
-1,-1
-1,-1
-1,-1
-1,0
-1,-1
-1,-1
-1,-1
-1,-1
-1,-1
-1,-1
-1,-1
-1,-1
-1,-1
-1,-1
-1,-1
-1,-1
-1,-1
-1,-1
-1,-1
-1,-1
-1,-1
-1,-1
-1,-1
-1,-1
-1,-1
-1,-1
-1,-1
-1,-1
-1,-1
-1,-1
-1,-1
-1,0
-1,0
-1,-1
-1,-1
-1,-1
-1,-1
-1,-1
-1,-1
-1,-1
-1,-1
110993,7
-1,-1
-1,-1
-1,-1
-1,-1
174725,50
-1,-1
-1,-1
-1,-1
-1,-1
-1,-1
-1,-1
-1,-1
-1,-1
-1,-1
-1,-1
-1,-1
-1,-1
-1,-1
-1,-1
-1,-1
-1,-1
-1,-1
117203,538
-1,-1
-1,-1
-1,-1
