309850,1330,20778810
266022,70,741325
280428,68,613669
283024,73,1046587
288423,72,982643
297463,66,516799
382013,44,57196
357825,61,330771
506989,50,109468
264507,71,882465
392032,56,187155
359913,66,510412
145371,99,13037079
368109,51,118861
353214,51,112843
363278,62,339776
325102,41,42686
278352,70,763476
400225,51,115218
321076,48,83017
381366,32,16633
303869,47,82407
390195,35,23757
317336,45,64567
-1,1,0
-1,-1
-1,-1
-1,-1
-1,-1
-1,-1
-1,-1
-1,-1
-1,-1
-1,-1
-1,-1
-1,-1
273872,1
-1,-1
-1,-1
-1,-1
-1,-1
-1,-1
241609,14
-1,-1
-1,-1
-1,-1
-1,-1
-1,-1
-1,-1
-1,-1
-1,-1
-1,0
-1,-1
-1,-1
-1,-1
-1,-1
-1,-1
-1,-1
-1,-1
-1,-1
-1,-1
-1,-1
-1,-1
-1,-1
-1,-1
-1,-1
-1,-1
-1,-1
-1,-1
-1,-1
-1,-1
-1,-1
-1,-1
-1,-1
-1,-1
-1,-1
-1,-1
-1,-1
-1,-1
-1,0
-1,0
-1,-1
-1,-1
-1,-1
-1,-1
-1,-1
-1,-1
-1,-1
-1,-1
110981,7
-1,-1
-1,-1
-1,-1
-1,-1
174714,50
-1,-1
-1,-1
-1,-1
-1,-1
-1,-1
-1,-1
-1,-1
-1,-1
-1,-1
-1,-1
-1,-1
-1,-1
-1,-1
-1,-1
-1,-1
-1,-1
-1,-1
117200,538
-1,-1
-1,-1
-1,-1
