309906,1330,20778810
266080,70,741325
280504,68,613669
283107,73,1046587
288496,72,982643
297522,66,516799
382111,44,57196
357899,61,330771
507109,50,109468
264571,71,882465
392103,56,187155
359979,66,510412
145384,99,13037079
368176,51,118861
353286,51,112843
363354,62,339776
325151,41,42686
278397,70,763476
400324,51,115218
321141,48,83017
381444,32,16633
303923,47,82407
390306,35,23757
317419,45,64567
-1,1,0
-1,-1
-1,-1
-1,-1
-1,-1
-1,-1
-1,-1
-1,-1
-1,-1
-1,-1
-1,-1
-1,-1
273910,1
-1,-1
-1,-1
-1,-1
-1,-1
-1,-1
241665,14
-1,-1
-1,-1
-1,-1
-1,-1
-1,-1
-1,-1
-1,-1
-1,-1
-1,0
-1,-1
-1,-1
-1,-1
-1,-1
-1,-1
-1,-1
-1,-1
-1,-1
-1,-1
-1,-1
-1,-1
-1,-1
-1,-1
-1,-1
-1,-1
-1,-1
-1,-1
-1,-1
-1,-1
-1,-1
-1,-1
-1,-1
-1,-1
-1,-1
-1,-1
-1,-1
-1,-1
-1,0
-1,0
-1,-1
-1,-1
-1,-1
-1,-1
-1,-1
-1,-1
-1,-1
-1,-1
111024,7
-1,-1
-1,-1
-1,-1
-1,-1
174763,50
-1,-1
-1,-1
-1,-1
-1,-1
-1,-1
-1,-1
-1,-1
-1,-1
-1,-1
-1,-1
-1,-1
-1,-1
-1,-1
-1,-1
-1,-1
-1,-1
-1,-1
117208,538
-1,-1
-1,-1
-1,-1
