309938,1330,20778810
266110,70,741325
280544,68,613669
283144,73,1046587
288530,72,982643
297553,66,516799
382147,44,57196
357936,61,330771
507165,50,109468
264598,71,882465
392138,56,187155
360005,66,510412
145394,99,13037079
368226,51,118861
353325,51,112843
363390,62,339776
325173,41,42686
278419,70,763476
400372,51,115218
321168,48,83017
381479,32,16633
303957,47,82407
390341,35,23757
317447,45,64567
-1,1,0
-1,-1
-1,-1
-1,-1
-1,-1
-1,-1
-1,-1
-1,-1
-1,-1
-1,-1
-1,-1
-1,-1
273933,1
-1,-1
-1,-1
-1,-1
-1,-1
-1,-1
241689,14
-1,-1
-1,-1
-1,-1
-1,-1
-1,-1
-1,-1
-1,-1
-1,-1
-1,0
-1,-1
-1,-1
-1,-1
-1,-1
-1,-1
-1,-1
-1,-1
-1,-1
-1,-1
-1,-1
-1,-1
-1,-1
-1,-1
-1,-1
-1,-1
-1,-1
-1,-1
-1,-1
-1,-1
-1,-1
-1,-1
-1,-1
-1,-1
-1,-1
-1,-1
-1,-1
-1,-1
-1,0
-1,0
-1,-1
-1,-1
-1,-1
-1,-1
-1,-1
-1,-1
-1,-1
-1,-1
111034,7
-1,-1
-1,-1
-1,-1
-1,-1
174779,50
-1,-1
-1,-1
-1,-1
-1,-1
-1,-1
-1,-1
-1,-1
-1,-1
-1,-1
-1,-1
-1,-1
-1,-1
-1,-1
-1,-1
-1,-1
-1,-1
-1,-1
117216,538
-1,-1
-1,-1
-1,-1
