318185,1330,20778810
274078,70,741325
288850,68,613669
291600,73,1046587
296994,72,982643
305297,66,516799
392291,44,57196
367281,61,330771
518527,50,109468
272039,71,882465
401005,56,187155
368061,66,510412
147703,99,13037079
377214,51,118861
362455,51,112843
373034,62,339776
333234,41,42686
285656,70,763476
410639,51,115218
329554,48,83017
390816,32,16633
312479,47,82407
398983,35,23757
325643,45,64567
-1,1,0
-1,-1
-1,-1
-1,-1
-1,-1
-1,-1
-1,-1
-1,-1
-1,-1
-1,-1
-1,-1
-1,-1
279627,1
-1,-1
-1,-1
-1,-1
-1,-1
-1,-1
249686,14
-1,-1
-1,-1
-1,-1
-1,-1
-1,-1
-1,-1
-1,-1
-1,-1
-1,0
-1,-1
-1,-1
-1,-1
-1,-1
-1,-1
-1,-1
-1,-1
-1,-1
-1,-1
-1,-1
-1,-1
-1,-1
-1,-1
-1,-1
-1,-1
-1,-1
-1,-1
-1,-1
-1,-1
-1,-1
-1,-1
-1,-1
-1,-1
-1,-1
-1,-1
-1,-1
-1,-1
-1,0
-1,0
-1,-1
-1,-1
-1,-1
-1,-1
-1,-1
-1,-1
-1,-1
-1,-1
116521,7
-1,-1
-1,-1
-1,-1
-1,-1
180648,50
-1,-1
-1,-1
-1,-1
-1,-1
-1,-1
-1,-1
-1,-1
-1,-1
-1,-1
-1,-1
-1,-1
-1,-1
-1,-1
-1,-1
-1,-1
-1,-1
-1,-1
118797,538
-1,-1
-1,-1
-1,-1
