310067,1330,20778810
266234,70,741325
280688,68,613669
283289,73,1046587
288678,72,982643
297691,66,516799
382333,44,57196
358095,61,330771
507397,50,109468
264735,71,882465
392313,56,187155
360154,66,510412
145447,99,13037079
368390,51,118861
353467,51,112843
363571,62,339776
325296,41,42686
278538,70,763476
400569,51,115218
321288,48,83017
381660,32,16633
304113,47,82407
390531,35,23757
317582,45,64567
-1,1,0
-1,-1
-1,-1
-1,-1
-1,-1
-1,-1
-1,-1
-1,-1
-1,-1
-1,-1
-1,-1
-1,-1
274025,1
-1,-1
-1,-1
-1,-1
-1,-1
-1,-1
241820,14
-1,-1
-1,-1
-1,-1
-1,-1
-1,-1
-1,-1
-1,-1
-1,-1
-1,0
-1,-1
-1,-1
-1,-1
-1,-1
-1,-1
-1,-1
-1,-1
-1,-1
-1,-1
-1,-1
-1,-1
-1,-1
-1,-1
-1,-1
-1,-1
-1,-1
-1,-1
-1,-1
-1,-1
-1,-1
-1,-1
-1,-1
-1,-1
-1,-1
-1,-1
-1,-1
-1,-1
-1,0
-1,0
-1,-1
-1,-1
-1,-1
-1,-1
-1,-1
-1,-1
-1,-1
-1,-1
111127,7
-1,-1
-1,-1
-1,-1
-1,-1
174872,50
-1,-1
-1,-1
-1,-1
-1,-1
-1,-1
-1,-1
-1,-1
-1,-1
-1,-1
-1,-1
-1,-1
-1,-1
-1,-1
-1,-1
-1,-1
-1,-1
-1,-1
117250,538
-1,-1
-1,-1
-1,-1
