310012,1330,20778810
266180,70,741325
280620,68,613669
283226,73,1046587
288614,72,982643
297641,66,516799
382259,44,57196
358024,61,330771
507310,50,109468
264677,71,882465
392239,56,187155
360098,66,510412
145425,99,13037079
368330,51,118861
353408,51,112843
363483,62,339776
325243,41,42686
278484,70,763476
400480,51,115218
321247,48,83017
381573,32,16633
304052,47,82407
390453,35,23757
317516,45,64567
-1,1,0
-1,-1
-1,-1
-1,-1
-1,-1
-1,-1
-1,-1
-1,-1
-1,-1
-1,-1
-1,-1
-1,-1
273992,1
-1,-1
-1,-1
-1,-1
-1,-1
-1,-1
241765,14
-1,-1
-1,-1
-1,-1
-1,-1
-1,-1
-1,-1
-1,-1
-1,-1
-1,0
-1,-1
-1,-1
-1,-1
-1,-1
-1,-1
-1,-1
-1,-1
-1,-1
-1,-1
-1,-1
-1,-1
-1,-1
-1,-1
-1,-1
-1,-1
-1,-1
-1,-1
-1,-1
-1,-1
-1,-1
-1,-1
-1,-1
-1,-1
-1,-1
-1,-1
-1,-1
-1,-1
-1,0
-1,0
-1,-1
-1,-1
-1,-1
-1,-1
-1,-1
-1,-1
-1,-1
-1,-1
111088,7
-1,-1
-1,-1
-1,-1
-1,-1
174837,50
-1,-1
-1,-1
-1,-1
-1,-1
-1,-1
-1,-1
-1,-1
-1,-1
-1,-1
-1,-1
-1,-1
-1,-1
-1,-1
-1,-1
-1,-1
-1,-1
-1,-1
117233,538
-1,-1
-1,-1
-1,-1
