314603,1330,20778810
270552,70,741325
285190,68,613669
287891,73,1046587
293237,72,982643
301836,66,516799
388147,44,57196
363275,61,330771
513986,50,109468
268757,71,882465
397287,56,187155
364633,66,510412
146814,99,13037079
373373,51,118861
358508,51,112843
368954,62,339776
329753,41,42686
282657,70,763476
406661,51,115218
325857,48,83017
386853,32,16633
308821,47,82407
395529,35,23757
322059,45,64567
-1,1,0
-1,-1
-1,-1
-1,-1
-1,-1
-1,-1
-1,-1
-1,-1
-1,-1
-1,-1
-1,-1
-1,-1
277081,1
-1,-1
-1,-1
-1,-1
-1,-1
-1,-1
246202,14
-1,-1
-1,-1
-1,-1
-1,-1
-1,-1
-1,-1
-1,-1
-1,-1
-1,0
-1,-1
-1,-1
-1,-1
-1,-1
-1,-1
-1,-1
-1,-1
-1,-1
-1,-1
-1,-1
-1,-1
-1,-1
-1,-1
-1,-1
-1,-1
-1,-1
-1,-1
-1,-1
-1,-1
-1,-1
-1,-1
-1,-1
-1,-1
-1,-1
-1,-1
-1,-1
-1,-1
-1,0
-1,0
-1,-1
-1,-1
-1,-1
-1,-1
-1,-1
-1,-1
-1,-1
-1,-1
114169,7
-1,-1
-1,-1
-1,-1
-1,-1
178238,50
-1,-1
-1,-1
-1,-1
-1,-1
-1,-1
-1,-1
-1,-1
-1,-1
-1,-1
-1,-1
-1,-1
-1,-1
-1,-1
-1,-1
-1,-1
-1,-1
-1,-1
118259,538
-1,-1
-1,-1
-1,-1
