310006,1330,20778810
266173,70,741325
280613,68,613669
283217,73,1046587
288603,72,982643
297626,66,516799
382257,44,57196
358023,61,330771
507287,50,109468
264673,71,882465
392225,56,187155
360094,66,510412
145421,99,13037079
368321,51,118861
353398,51,112843
363478,62,339776
325236,41,42686
278477,70,763476
400476,51,115218
321241,48,83017
381563,32,16633
304043,47,82407
390440,35,23757
317510,45,64567
-1,1,0
-1,-1
-1,-1
-1,-1
-1,-1
-1,-1
-1,-1
-1,-1
-1,-1
-1,-1
-1,-1
-1,-1
273986,1
-1,-1
-1,-1
-1,-1
-1,-1
-1,-1
241758,14
-1,-1
-1,-1
-1,-1
-1,-1
-1,-1
-1,-1
-1,-1
-1,-1
-1,0
-1,-1
-1,-1
-1,-1
-1,-1
-1,-1
-1,-1
-1,-1
-1,-1
-1,-1
-1,-1
-1,-1
-1,-1
-1,-1
-1,-1
-1,-1
-1,-1
-1,-1
-1,-1
-1,-1
-1,-1
-1,-1
-1,-1
-1,-1
-1,-1
-1,-1
-1,-1
-1,-1
-1,0
-1,0
-1,-1
-1,-1
-1,-1
-1,-1
-1,-1
-1,-1
-1,-1
-1,-1
111078,7
-1,-1
-1,-1
-1,-1
-1,-1
174836,50
-1,-1
-1,-1
-1,-1
-1,-1
-1,-1
-1,-1
-1,-1
-1,-1
-1,-1
-1,-1
-1,-1
-1,-1
-1,-1
-1,-1
-1,-1
-1,-1
-1,-1
117232,538
-1,-1
-1,-1
-1,-1
