310030,1330,20778810
266192,70,741325
280632,68,613669
283238,73,1046587
288626,72,982643
297654,66,516799
382274,44,57196
358037,61,330771
507334,50,109468
264695,71,882465
392253,56,187155
360110,66,510412
145431,99,13037079
368347,51,118861
353424,51,112843
363504,62,339776
325258,41,42686
278497,70,763476
400506,51,115218
321257,48,83017
381598,32,16633
304067,47,82407
390470,35,23757
317533,45,64567
-1,1,0
-1,-1
-1,-1
-1,-1
-1,-1
-1,-1
-1,-1
-1,-1
-1,-1
-1,-1
-1,-1
-1,-1
274002,1
-1,-1
-1,-1
-1,-1
-1,-1
-1,-1
241779,14
-1,-1
-1,-1
-1,-1
-1,-1
-1,-1
-1,-1
-1,-1
-1,-1
-1,0
-1,-1
-1,-1
-1,-1
-1,-1
-1,-1
-1,-1
-1,-1
-1,-1
-1,-1
-1,-1
-1,-1
-1,-1
-1,-1
-1,-1
-1,-1
-1,-1
-1,-1
-1,-1
-1,-1
-1,-1
-1,-1
-1,-1
-1,-1
-1,-1
-1,-1
-1,-1
-1,-1
-1,0
-1,0
-1,-1
-1,-1
-1,-1
-1,-1
-1,-1
-1,-1
-1,-1
-1,-1
111101,7
-1,-1
-1,-1
-1,-1
-1,-1
174843,50
-1,-1
-1,-1
-1,-1
-1,-1
-1,-1
-1,-1
-1,-1
-1,-1
-1,-1
-1,-1
-1,-1
-1,-1
-1,-1
-1,-1
-1,-1
-1,-1
-1,-1
117240,538
-1,-1
-1,-1
-1,-1
