309982,1330,20778810
266148,70,741325
280593,68,613669
283193,73,1046587
288581,72,982643
297599,66,516799
382213,44,57196
357989,61,330771
507235,50,109468
264636,71,882465
392195,56,187155
360062,66,510412
145411,99,13037079
368285,51,118861
353369,51,112843
363447,62,339776
325223,41,42686
278457,70,763476
400441,51,115218
321218,48,83017
381536,32,16633
304018,47,82407
390400,35,23757
317480,45,64567
-1,1,0
-1,-1
-1,-1
-1,-1
-1,-1
-1,-1
-1,-1
-1,-1
-1,-1
-1,-1
-1,-1
-1,-1
273963,1
-1,-1
-1,-1
-1,-1
-1,-1
-1,-1
241736,14
-1,-1
-1,-1
-1,-1
-1,-1
-1,-1
-1,-1
-1,-1
-1,-1
-1,0
-1,-1
-1,-1
-1,-1
-1,-1
-1,-1
-1,-1
-1,-1
-1,-1
-1,-1
-1,-1
-1,-1
-1,-1
-1,-1
-1,-1
-1,-1
-1,-1
-1,-1
-1,-1
-1,-1
-1,-1
-1,-1
-1,-1
-1,-1
-1,-1
-1,-1
-1,-1
-1,-1
-1,0
-1,0
-1,-1
-1,-1
-1,-1
-1,-1
-1,-1
-1,-1
-1,-1
-1,-1
111060,7
-1,-1
-1,-1
-1,-1
-1,-1
174814,50
-1,-1
-1,-1
-1,-1
-1,-1
-1,-1
-1,-1
-1,-1
-1,-1
-1,-1
-1,-1
-1,-1
-1,-1
-1,-1
-1,-1
-1,-1
-1,-1
-1,-1
117225,538
-1,-1
-1,-1
-1,-1
