309980,1330,20778810
266179,70,741325
280635,68,613669
283253,73,1046587
288628,72,982643
297618,66,516799
382260,44,57196
358005,61,330771
507325,50,109468
264683,71,882465
392220,56,187155
360068,66,510412
145396,99,13037079
368323,51,118861
353396,51,112843
363515,62,339776
325205,41,42686
278447,70,763476
400510,51,115218
321205,48,83017
381575,32,16633
304055,47,82407
390459,35,23757
317515,45,64567
-1,1,0
-1,-1
-1,-1
-1,-1
-1,-1
-1,-1
-1,-1
-1,-1
-1,-1
-1,-1
-1,-1
-1,-1
273946,1
-1,-1
-1,-1
-1,-1
-1,-1
-1,-1
241795,14
-1,-1
-1,-1
-1,-1
-1,-1
-1,-1
-1,-1
-1,-1
-1,-1
-1,0
-1,-1
-1,-1
-1,-1
-1,-1
-1,-1
-1,-1
-1,-1
-1,-1
-1,-1
-1,-1
-1,-1
-1,-1
-1,-1
-1,-1
-1,-1
-1,-1
-1,-1
-1,-1
-1,-1
-1,-1
-1,-1
-1,-1
-1,-1
-1,-1
-1,-1
-1,-1
-1,-1
-1,0
-1,0
-1,-1
-1,-1
-1,-1
-1,-1
-1,-1
-1,-1
-1,-1
-1,-1
111135,7
-1,-1
-1,-1
-1,-1
-1,-1
174852,50
-1,-1
-1,-1
-1,-1
-1,-1
-1,-1
-1,-1
-1,-1
-1,-1
-1,-1
-1,-1
-1,-1
-1,-1
-1,-1
-1,-1
-1,-1
-1,-1
-1,-1
117210,538
-1,-1
-1,-1
-1,-1
