314685,1330,20778810
270640,70,741325
285280,68,613669
287989,73,1046587
293344,72,982643
301924,66,516799
388286,44,57196
363406,61,330771
514112,50,109468
268845,71,882465
397420,56,187155
364740,66,510412
146840,99,13037079
373481,51,118861
358616,51,112843
369054,62,339776
329852,41,42686
282741,70,763476
406791,51,115218
325939,48,83017
386969,32,16633
308929,47,82407
395619,35,23757
322158,45,64567
-1,1,0
-1,-1
-1,-1
-1,-1
-1,-1
-1,-1
-1,-1
-1,-1
-1,-1
-1,-1
-1,-1
-1,-1
277141,1
-1,-1
-1,-1
-1,-1
-1,-1
-1,-1
246306,14
-1,-1
-1,-1
-1,-1
-1,-1
-1,-1
-1,-1
-1,-1
-1,-1
-1,0
-1,-1
-1,-1
-1,-1
-1,-1
-1,-1
-1,-1
-1,-1
-1,-1
-1,-1
-1,-1
-1,-1
-1,-1
-1,-1
-1,-1
-1,-1
-1,-1
-1,-1
-1,-1
-1,-1
-1,-1
-1,-1
-1,-1
-1,-1
-1,-1
-1,-1
-1,-1
-1,-1
-1,0
-1,0
-1,-1
-1,-1
-1,-1
-1,-1
-1,-1
-1,-1
-1,-1
-1,-1
114235,7
-1,-1
-1,-1
-1,-1
-1,-1
178317,50
-1,-1
-1,-1
-1,-1
-1,-1
-1,-1
-1,-1
-1,-1
-1,-1
-1,-1
-1,-1
-1,-1
-1,-1
-1,-1
-1,-1
-1,-1
-1,-1
-1,-1
118289,538
-1,-1
-1,-1
-1,-1
