310037,1330,20778810
266227,70,741325
280709,68,613669
283338,73,1046587
288690,72,982643
297660,66,516799
382332,44,57196
358077,61,330771
507409,50,109468
264744,71,882465
392296,56,187155
360120,66,510412
145422,99,13037079
368391,51,118861
353467,51,112843
363605,62,339776
325270,41,42686
278516,70,763476
400598,51,115218
321251,48,83017
381639,32,16633
304120,47,82407
390540,35,23757
317565,45,64567
-1,1,0
-1,-1
-1,-1
-1,-1
-1,-1
-1,-1
-1,-1
-1,-1
-1,-1
-1,-1
-1,-1
-1,-1
273978,1
-1,-1
-1,-1
-1,-1
-1,-1
-1,-1
241850,14
-1,-1
-1,-1
-1,-1
-1,-1
-1,-1
-1,-1
-1,-1
-1,-1
-1,0
-1,-1
-1,-1
-1,-1
-1,-1
-1,-1
-1,-1
-1,-1
-1,-1
-1,-1
-1,-1
-1,-1
-1,-1
-1,-1
-1,-1
-1,-1
-1,-1
-1,-1
-1,-1
-1,-1
-1,-1
-1,-1
-1,-1
-1,-1
-1,-1
-1,-1
-1,-1
-1,-1
-1,0
-1,0
-1,-1
-1,-1
-1,-1
-1,-1
-1,-1
-1,-1
-1,-1
-1,-1
111184,7
-1,-1
-1,-1
-1,-1
-1,-1
174882,50
-1,-1
-1,-1
-1,-1
-1,-1
-1,-1
-1,-1
-1,-1
-1,-1
-1,-1
-1,-1
-1,-1
-1,-1
-1,-1
-1,-1
-1,-1
-1,-1
-1,-1
117226,538
-1,-1
-1,-1
-1,-1
