310008,1330,20778810
266196,70,741325
280673,68,613669
283297,73,1046587
288658,72,982643
297632,66,516799
382295,44,57196
358036,61,330771
507362,50,109468
264710,71,882465
392248,56,187155
360081,66,510412
145410,99,13037079
368358,51,118861
353418,51,112843
363551,62,339776
325239,41,42686
278475,70,763476
400548,51,115218
321218,48,83017
381601,32,16633
304080,47,82407
390489,35,23757
317538,45,64567
-1,1,0
-1,-1
-1,-1
-1,-1
-1,-1
-1,-1
-1,-1
-1,-1
-1,-1
-1,-1
-1,-1
-1,-1
273955,1
-1,-1
-1,-1
-1,-1
-1,-1
-1,-1
241820,14
-1,-1
-1,-1
-1,-1
-1,-1
-1,-1
-1,-1
-1,-1
-1,-1
-1,0
-1,-1
-1,-1
-1,-1
-1,-1
-1,-1
-1,-1
-1,-1
-1,-1
-1,-1
-1,-1
-1,-1
-1,-1
-1,-1
-1,-1
-1,-1
-1,-1
-1,-1
-1,-1
-1,-1
-1,-1
-1,-1
-1,-1
-1,-1
-1,-1
-1,-1
-1,-1
-1,-1
-1,0
-1,0
-1,-1
-1,-1
-1,-1
-1,-1
-1,-1
-1,-1
-1,-1
-1,-1
111151,7
-1,-1
-1,-1
-1,-1
-1,-1
174861,50
-1,-1
-1,-1
-1,-1
-1,-1
-1,-1
-1,-1
-1,-1
-1,-1
-1,-1
-1,-1
-1,-1
-1,-1
-1,-1
-1,-1
-1,-1
-1,-1
-1,-1
117217,538
-1,-1
-1,-1
-1,-1
