310031,1330,20778810
266220,70,741325
280702,68,613669
283334,73,1046587
288684,72,982643
297656,66,516799
382327,44,57196
358067,61,330771
507402,50,109468
264738,71,882465
392285,56,187155
360110,66,510412
145418,99,13037079
368385,51,118861
353457,51,112843
363595,62,339776
325265,41,42686
278515,70,763476
400588,51,115218
321239,48,83017
381633,32,16633
304116,47,82407
390530,35,23757
317559,45,64567
-1,1,0
-1,-1
-1,-1
-1,-1
-1,-1
-1,-1
-1,-1
-1,-1
-1,-1
-1,-1
-1,-1
-1,-1
273976,1
-1,-1
-1,-1
-1,-1
-1,-1
-1,-1
241846,14
-1,-1
-1,-1
-1,-1
-1,-1
-1,-1
-1,-1
-1,-1
-1,-1
-1,0
-1,-1
-1,-1
-1,-1
-1,-1
-1,-1
-1,-1
-1,-1
-1,-1
-1,-1
-1,-1
-1,-1
-1,-1
-1,-1
-1,-1
-1,-1
-1,-1
-1,-1
-1,-1
-1,-1
-1,-1
-1,-1
-1,-1
-1,-1
-1,-1
-1,-1
-1,-1
-1,-1
-1,0
-1,0
-1,-1
-1,-1
-1,-1
-1,-1
-1,-1
-1,-1
-1,-1
-1,-1
111177,7
-1,-1
-1,-1
-1,-1
-1,-1
174879,50
-1,-1
-1,-1
-1,-1
-1,-1
-1,-1
-1,-1
-1,-1
-1,-1
-1,-1
-1,-1
-1,-1
-1,-1
-1,-1
-1,-1
-1,-1
-1,-1
-1,-1
117224,538
-1,-1
-1,-1
-1,-1
