314729,1330,20778810
270688,70,741325
285321,68,613669
288040,73,1046587
293394,72,982643
301966,66,516799
388338,44,57196
363465,61,330771
514184,50,109468
268883,71,882465
397484,56,187155
364775,66,510412
146856,99,13037079
373538,51,118861
358672,51,112843
369119,62,339776
329908,41,42686
282791,70,763476
406870,51,115218
326006,48,83017
387033,32,16633
308988,47,82407
395678,35,23757
322213,45,64567
-1,1,0
-1,-1
-1,-1
-1,-1
-1,-1
-1,-1
-1,-1
-1,-1
-1,-1
-1,-1
-1,-1
-1,-1
277199,1
-1,-1
-1,-1
-1,-1
-1,-1
-1,-1
246358,14
-1,-1
-1,-1
-1,-1
-1,-1
-1,-1
-1,-1
-1,-1
-1,-1
-1,0
-1,-1
-1,-1
-1,-1
-1,-1
-1,-1
-1,-1
-1,-1
-1,-1
-1,-1
-1,-1
-1,-1
-1,-1
-1,-1
-1,-1
-1,-1
-1,-1
-1,-1
-1,-1
-1,-1
-1,-1
-1,-1
-1,-1
-1,-1
-1,-1
-1,-1
-1,-1
-1,-1
-1,0
-1,0
-1,-1
-1,-1
-1,-1
-1,-1
-1,-1
-1,-1
-1,-1
-1,-1
114269,7
-1,-1
-1,-1
-1,-1
-1,-1
178366,50
-1,-1
-1,-1
-1,-1
-1,-1
-1,-1
-1,-1
-1,-1
-1,-1
-1,-1
-1,-1
-1,-1
-1,-1
-1,-1
-1,-1
-1,-1
-1,-1
-1,-1
118296,538
-1,-1
-1,-1
-1,-1
