314823,1330,20778810
270769,70,741325
285394,68,613669
288119,73,1046587
293476,72,982643
302041,66,516799
388440,44,57196
363543,61,330771
514278,50,109468
268953,71,882465
397616,56,187155
364871,66,510412
146887,99,13037079
373626,51,118861
358769,51,112843
369211,62,339776
329993,41,42686
282879,70,763476
406981,51,115218
326111,48,83017
387127,32,16633
309089,47,82407
395751,35,23757
322297,45,64567
-1,1,0
-1,-1
-1,-1
-1,-1
-1,-1
-1,-1
-1,-1
-1,-1
-1,-1
-1,-1
-1,-1
-1,-1
277251,1
-1,-1
-1,-1
-1,-1
-1,-1
-1,-1
246462,14
-1,-1
-1,-1
-1,-1
-1,-1
-1,-1
-1,-1
-1,-1
-1,-1
-1,0
-1,-1
-1,-1
-1,-1
-1,-1
-1,-1
-1,-1
-1,-1
-1,-1
-1,-1
-1,-1
-1,-1
-1,-1
-1,-1
-1,-1
-1,-1
-1,-1
-1,-1
-1,-1
-1,-1
-1,-1
-1,-1
-1,-1
-1,-1
-1,-1
-1,-1
-1,-1
-1,-1
-1,0
-1,0
-1,-1
-1,-1
-1,-1
-1,-1
-1,-1
-1,-1
-1,-1
-1,-1
114324,7
-1,-1
-1,-1
-1,-1
-1,-1
178437,50
-1,-1
-1,-1
-1,-1
-1,-1
-1,-1
-1,-1
-1,-1
-1,-1
-1,-1
-1,-1
-1,-1
-1,-1
-1,-1
-1,-1
-1,-1
-1,-1
-1,-1
118314,538
-1,-1
-1,-1
-1,-1
