310135,1330,20778810
266344,70,741325
280817,68,613669
283480,73,1046587
288817,72,982643
297756,66,516799
382494,44,57196
358213,61,330771
507584,50,109468
264867,71,882465
392425,56,187155
360220,66,510412
145459,99,13037079
368518,51,118861
353595,51,112843
363737,62,339776
325368,41,42686
278611,70,763476
400775,51,115218
321350,48,83017
381792,32,16633
304243,47,82407
390695,35,23757
317685,45,64567
-1,1,0
-1,-1
-1,-1
-1,-1
-1,-1
-1,-1
-1,-1
-1,-1
-1,-1
-1,-1
-1,-1
-1,-1
274069,1
-1,-1
-1,-1
-1,-1
-1,-1
-1,-1
241955,14
-1,-1
-1,-1
-1,-1
-1,-1
-1,-1
-1,-1
-1,-1
-1,-1
-1,0
-1,-1
-1,-1
-1,-1
-1,-1
-1,-1
-1,-1
-1,-1
-1,-1
-1,-1
-1,-1
-1,-1
-1,-1
-1,-1
-1,-1
-1,-1
-1,-1
-1,-1
-1,-1
-1,-1
-1,-1
-1,-1
-1,-1
-1,-1
-1,-1
-1,-1
-1,-1
-1,-1
-1,0
-1,0
-1,-1
-1,-1
-1,-1
-1,-1
-1,-1
-1,-1
-1,-1
-1,-1
111253,7
-1,-1
-1,-1
-1,-1
-1,-1
174978,50
-1,-1
-1,-1
-1,-1
-1,-1
-1,-1
-1,-1
-1,-1
-1,-1
-1,-1
-1,-1
-1,-1
-1,-1
-1,-1
-1,-1
-1,-1
-1,-1
-1,-1
117260,538
-1,-1
-1,-1
-1,-1
