310113,1330,20778810
266320,70,741325
280794,68,613669
283451,73,1046587
288789,72,982643
297738,66,516799
382462,44,57196
358183,61,330771
507549,50,109468
264838,71,882465
392400,56,187155
360199,66,510412
145448,99,13037079
368494,51,118861
353572,51,112843
363706,62,339776
325347,41,42686
278595,70,763476
400738,51,115218
321322,48,83017
381763,32,16633
304213,47,82407
390660,35,23757
317668,45,64567
-1,1,0
-1,-1
-1,-1
-1,-1
-1,-1
-1,-1
-1,-1
-1,-1
-1,-1
-1,-1
-1,-1
-1,-1
274047,1
-1,-1
-1,-1
-1,-1
-1,-1
-1,-1
241930,14
-1,-1
-1,-1
-1,-1
-1,-1
-1,-1
-1,-1
-1,-1
-1,-1
-1,0
-1,-1
-1,-1
-1,-1
-1,-1
-1,-1
-1,-1
-1,-1
-1,-1
-1,-1
-1,-1
-1,-1
-1,-1
-1,-1
-1,-1
-1,-1
-1,-1
-1,-1
-1,-1
-1,-1
-1,-1
-1,-1
-1,-1
-1,-1
-1,-1
-1,-1
-1,-1
-1,-1
-1,0
-1,0
-1,-1
-1,-1
-1,-1
-1,-1
-1,-1
-1,-1
-1,-1
-1,-1
111242,7
-1,-1
-1,-1
-1,-1
-1,-1
174963,50
-1,-1
-1,-1
-1,-1
-1,-1
-1,-1
-1,-1
-1,-1
-1,-1
-1,-1
-1,-1
-1,-1
-1,-1
-1,-1
-1,-1
-1,-1
-1,-1
-1,-1
117252,538
-1,-1
-1,-1
-1,-1
