310059,1330,20778810
266264,70,741325
280736,68,613669
283379,73,1046587
288722,72,982643
297686,66,516799
382378,44,57196
358114,61,330771
507461,50,109468
264777,71,882465
392339,56,187155
360142,66,510412
145433,99,13037079
368422,51,118861
353503,51,112843
363635,62,339776
325298,41,42686
278541,70,763476
400649,51,115218
321281,48,83017
381682,32,16633
304148,47,82407
390585,35,23757
317598,45,64567
-1,1,0
-1,-1
-1,-1
-1,-1
-1,-1
-1,-1
-1,-1
-1,-1
-1,-1
-1,-1
-1,-1
-1,-1
274004,1
-1,-1
-1,-1
-1,-1
-1,-1
-1,-1
241878,14
-1,-1
-1,-1
-1,-1
-1,-1
-1,-1
-1,-1
-1,-1
-1,-1
-1,0
-1,-1
-1,-1
-1,-1
-1,-1
-1,-1
-1,-1
-1,-1
-1,-1
-1,-1
-1,-1
-1,-1
-1,-1
-1,-1
-1,-1
-1,-1
-1,-1
-1,-1
-1,-1
-1,-1
-1,-1
-1,-1
-1,-1
-1,-1
-1,-1
-1,-1
-1,-1
-1,-1
-1,0
-1,0
-1,-1
-1,-1
-1,-1
-1,-1
-1,-1
-1,-1
-1,-1
-1,-1
111204,7
-1,-1
-1,-1
-1,-1
-1,-1
174915,50
-1,-1
-1,-1
-1,-1
-1,-1
-1,-1
-1,-1
-1,-1
-1,-1
-1,-1
-1,-1
-1,-1
-1,-1
-1,-1
-1,-1
-1,-1
-1,-1
-1,-1
117235,538
-1,-1
-1,-1
-1,-1
