314929,1330,20778810
270862,70,741325
285499,68,613669
288203,73,1046587
293562,72,982643
302105,66,516799
388540,44,57196
363654,61,330771
514388,50,109468
269027,71,882465
397666,56,187155
364942,66,510412
146921,99,13037079
373721,51,118861
358851,51,112843
369329,62,339776
330080,41,42686
282962,70,763476
407079,51,115218
326212,48,83017
387234,32,16633
309181,47,82407
395839,35,23757
322374,45,64567
-1,1,0
-1,-1
-1,-1
-1,-1
-1,-1
-1,-1
-1,-1
-1,-1
-1,-1
-1,-1
-1,-1
-1,-1
277312,1
-1,-1
-1,-1
-1,-1
-1,-1
-1,-1
246543,14
-1,-1
-1,-1
-1,-1
-1,-1
-1,-1
-1,-1
-1,-1
-1,-1
-1,0
-1,-1
-1,-1
-1,-1
-1,-1
-1,-1
-1,-1
-1,-1
-1,-1
-1,-1
-1,-1
-1,-1
-1,-1
-1,-1
-1,-1
-1,-1
-1,-1
-1,-1
-1,-1
-1,-1
-1,-1
-1,-1
-1,-1
-1,-1
-1,-1
-1,-1
-1,-1
-1,-1
-1,0
-1,0
-1,-1
-1,-1
-1,-1
-1,-1
-1,-1
-1,-1
-1,-1
-1,-1
114377,7
-1,-1
-1,-1
-1,-1
-1,-1
178484,50
-1,-1
-1,-1
-1,-1
-1,-1
-1,-1
-1,-1
-1,-1
-1,-1
-1,-1
-1,-1
-1,-1
-1,-1
-1,-1
-1,-1
-1,-1
-1,-1
-1,-1
118333,538
-1,-1
-1,-1
-1,-1
