310065,1330,20778810
266272,70,741325
280744,68,613669
283385,73,1046587
288731,72,982643
297690,66,516799
382388,44,57196
358122,61,330771
507473,50,109468
264785,71,882465
392346,56,187155
360147,66,510412
145434,99,13037079
368430,51,118861
353506,51,112843
363638,62,339776
325305,41,42686
278546,70,763476
400663,51,115218
321288,48,83017
381690,32,16633
304160,47,82407
390594,35,23757
317604,45,64567
-1,1,0
-1,-1
-1,-1
-1,-1
-1,-1
-1,-1
-1,-1
-1,-1
-1,-1
-1,-1
-1,-1
-1,-1
274009,1
-1,-1
-1,-1
-1,-1
-1,-1
-1,-1
241885,14
-1,-1
-1,-1
-1,-1
-1,-1
-1,-1
-1,-1
-1,-1
-1,-1
-1,0
-1,-1
-1,-1
-1,-1
-1,-1
-1,-1
-1,-1
-1,-1
-1,-1
-1,-1
-1,-1
-1,-1
-1,-1
-1,-1
-1,-1
-1,-1
-1,-1
-1,-1
-1,-1
-1,-1
-1,-1
-1,-1
-1,-1
-1,-1
-1,-1
-1,-1
-1,-1
-1,-1
-1,0
-1,0
-1,-1
-1,-1
-1,-1
-1,-1
-1,-1
-1,-1
-1,-1
-1,-1
111208,7
-1,-1
-1,-1
-1,-1
-1,-1
174922,50
-1,-1
-1,-1
-1,-1
-1,-1
-1,-1
-1,-1
-1,-1
-1,-1
-1,-1
-1,-1
-1,-1
-1,-1
-1,-1
-1,-1
-1,-1
-1,-1
-1,-1
117237,538
-1,-1
-1,-1
-1,-1
