310049,1330,20778810
266245,70,741325
280722,68,613669
283360,73,1046587
288708,72,982643
297672,66,516799
382357,44,57196
358094,61,330771
507440,50,109468
264768,71,882465
392317,56,187155
360130,66,510412
145428,99,13037079
368404,51,118861
353484,51,112843
363619,62,339776
325287,41,42686
278529,70,763476
400630,51,115218
321268,48,83017
381658,32,16633
304133,47,82407
390570,35,23757
317587,45,64567
-1,1,0
-1,-1
-1,-1
-1,-1
-1,-1
-1,-1
-1,-1
-1,-1
-1,-1
-1,-1
-1,-1
-1,-1
273989,1
-1,-1
-1,-1
-1,-1
-1,-1
-1,-1
241860,14
-1,-1
-1,-1
-1,-1
-1,-1
-1,-1
-1,-1
-1,-1
-1,-1
-1,0
-1,-1
-1,-1
-1,-1
-1,-1
-1,-1
-1,-1
-1,-1
-1,-1
-1,-1
-1,-1
-1,-1
-1,-1
-1,-1
-1,-1
-1,-1
-1,-1
-1,-1
-1,-1
-1,-1
-1,-1
-1,-1
-1,-1
-1,-1
-1,-1
-1,-1
-1,-1
-1,-1
-1,0
-1,0
-1,-1
-1,-1
-1,-1
-1,-1
-1,-1
-1,-1
-1,-1
-1,-1
111195,7
-1,-1
-1,-1
-1,-1
-1,-1
174903,50
-1,-1
-1,-1
-1,-1
-1,-1
-1,-1
-1,-1
-1,-1
-1,-1
-1,-1
-1,-1
-1,-1
-1,-1
-1,-1
-1,-1
-1,-1
-1,-1
-1,-1
117228,538
-1,-1
-1,-1
-1,-1
