310089,1330,20778810
266294,70,741325
280767,68,613669
283423,73,1046587
288753,72,982643
297707,66,516799
382418,44,57196
358150,61,330771
507514,50,109468
264809,71,882465
392372,56,187155
360179,66,510412
145443,99,13037079
368459,51,118861
353532,51,112843
363671,62,339776
325321,41,42686
278568,70,763476
400692,51,115218
321302,48,83017
381719,32,16633
304182,47,82407
390625,35,23757
317631,45,64567
-1,1,0
-1,-1
-1,-1
-1,-1
-1,-1
-1,-1
-1,-1
-1,-1
-1,-1
-1,-1
-1,-1
-1,-1
274020,1
-1,-1
-1,-1
-1,-1
-1,-1
-1,-1
241908,14
-1,-1
-1,-1
-1,-1
-1,-1
-1,-1
-1,-1
-1,-1
-1,-1
-1,0
-1,-1
-1,-1
-1,-1
-1,-1
-1,-1
-1,-1
-1,-1
-1,-1
-1,-1
-1,-1
-1,-1
-1,-1
-1,-1
-1,-1
-1,-1
-1,-1
-1,-1
-1,-1
-1,-1
-1,-1
-1,-1
-1,-1
-1,-1
-1,-1
-1,-1
-1,-1
-1,-1
-1,0
-1,0
-1,-1
-1,-1
-1,-1
-1,-1
-1,-1
-1,-1
-1,-1
-1,-1
111227,7
-1,-1
-1,-1
-1,-1
-1,-1
174950,50
-1,-1
-1,-1
-1,-1
-1,-1
-1,-1
-1,-1
-1,-1
-1,-1
-1,-1
-1,-1
-1,-1
-1,-1
-1,-1
-1,-1
-1,-1
-1,-1
-1,-1
117245,538
-1,-1
-1,-1
-1,-1
