310177,1330,20778810
266390,70,741325
280858,68,613669
283513,73,1046587
288852,72,982643
297804,66,516799
382556,44,57196
358270,61,330771
507641,50,109468
264902,71,882465
392487,56,187155
360264,66,510412
145472,99,13037079
368570,51,118861
353646,51,112843
363796,62,339776
325416,41,42686
278653,70,763476
400835,51,115218
321405,48,83017
381840,32,16633
304290,47,82407
390748,35,23757
317736,45,64567
-1,1,0
-1,-1
-1,-1
-1,-1
-1,-1
-1,-1
-1,-1
-1,-1
-1,-1
-1,-1
-1,-1
-1,-1
274100,1
-1,-1
-1,-1
-1,-1
-1,-1
-1,-1
241996,14
-1,-1
-1,-1
-1,-1
-1,-1
-1,-1
-1,-1
-1,-1
-1,-1
-1,0
-1,-1
-1,-1
-1,-1
-1,-1
-1,-1
-1,-1
-1,-1
-1,-1
-1,-1
-1,-1
-1,-1
-1,-1
-1,-1
-1,-1
-1,-1
-1,-1
-1,-1
-1,-1
-1,-1
-1,-1
-1,-1
-1,-1
-1,-1
-1,-1
-1,-1
-1,-1
-1,-1
-1,0
-1,0
-1,-1
-1,-1
-1,-1
-1,-1
-1,-1
-1,-1
-1,-1
-1,-1
111290,7
-1,-1
-1,-1
-1,-1
-1,-1
175004,50
-1,-1
-1,-1
-1,-1
-1,-1
-1,-1
-1,-1
-1,-1
-1,-1
-1,-1
-1,-1
-1,-1
-1,-1
-1,-1
-1,-1
-1,-1
-1,-1
-1,-1
117274,538
-1,-1
-1,-1
-1,-1
