310321,1330,20778810
266509,70,741325
280979,68,613669
283652,73,1046587
288980,72,982643
297920,66,516799
382708,44,57196
358409,61,330771
507802,50,109468
265018,71,882465
392647,56,187155
360383,66,510412
145503,99,13037079
368697,51,118861
353796,51,112843
363919,62,339776
325540,41,42686
278784,70,763476
401012,51,115218
321512,48,83017
381992,32,16633
304410,47,82407
390889,35,23757
317889,45,64567
-1,1,0
-1,-1
-1,-1
-1,-1
-1,-1
-1,-1
-1,-1
-1,-1
-1,-1
-1,-1
-1,-1
-1,-1
274190,1
-1,-1
-1,-1
-1,-1
-1,-1
-1,-1
242100,14
-1,-1
-1,-1
-1,-1
-1,-1
-1,-1
-1,-1
-1,-1
-1,-1
-1,0
-1,-1
-1,-1
-1,-1
-1,-1
-1,-1
-1,-1
-1,-1
-1,-1
-1,-1
-1,-1
-1,-1
-1,-1
-1,-1
-1,-1
-1,-1
-1,-1
-1,-1
-1,-1
-1,-1
-1,-1
-1,-1
-1,-1
-1,-1
-1,-1
-1,-1
-1,-1
-1,-1
-1,0
-1,0
-1,-1
-1,-1
-1,-1
-1,-1
-1,-1
-1,-1
-1,-1
-1,-1
111391,7
-1,-1
-1,-1
-1,-1
-1,-1
175097,50
-1,-1
-1,-1
-1,-1
-1,-1
-1,-1
-1,-1
-1,-1
-1,-1
-1,-1
-1,-1
-1,-1
-1,-1
-1,-1
-1,-1
-1,-1
-1,-1
-1,-1
117296,538
-1,-1
-1,-1
-1,-1
