310294,1330,20778810
266485,70,741325
280951,68,613669
283618,73,1046587
288952,72,982643
297901,66,516799
382678,44,57196
358381,61,330771
507764,50,109468
264992,71,882465
392614,56,187155
360352,66,510412
145496,99,13037079
368667,51,118861
353768,51,112843
363897,62,339776
325515,41,42686
278751,70,763476
400965,51,115218
321483,48,83017
381963,32,16633
304384,47,82407
390863,35,23757
317856,45,64567
-1,1,0
-1,-1
-1,-1
-1,-1
-1,-1
-1,-1
-1,-1
-1,-1
-1,-1
-1,-1
-1,-1
-1,-1
274168,1
-1,-1
-1,-1
-1,-1
-1,-1
-1,-1
242076,14
-1,-1
-1,-1
-1,-1
-1,-1
-1,-1
-1,-1
-1,-1
-1,-1
-1,0
-1,-1
-1,-1
-1,-1
-1,-1
-1,-1
-1,-1
-1,-1
-1,-1
-1,-1
-1,-1
-1,-1
-1,-1
-1,-1
-1,-1
-1,-1
-1,-1
-1,-1
-1,-1
-1,-1
-1,-1
-1,-1
-1,-1
-1,-1
-1,-1
-1,-1
-1,-1
-1,-1
-1,0
-1,0
-1,-1
-1,-1
-1,-1
-1,-1
-1,-1
-1,-1
-1,-1
-1,-1
111375,7
-1,-1
-1,-1
-1,-1
-1,-1
175081,50
-1,-1
-1,-1
-1,-1
-1,-1
-1,-1
-1,-1
-1,-1
-1,-1
-1,-1
-1,-1
-1,-1
-1,-1
-1,-1
-1,-1
-1,-1
-1,-1
-1,-1
117289,538
-1,-1
-1,-1
-1,-1
