310232,1330,20778810
266439,70,741325
280914,68,613669
283569,73,1046587
288904,72,982643
297855,66,516799
382623,44,57196
358322,61,330771
507700,50,109468
264942,71,882465
392561,56,187155
360311,66,510412
145477,99,13037079
368611,51,118861
353698,51,112843
363852,62,339776
325470,41,42686
278709,70,763476
400908,51,115218
321447,48,83017
381912,32,16633
304335,47,82407
390798,35,23757
317793,45,64567
-1,1,0
-1,-1
-1,-1
-1,-1
-1,-1
-1,-1
-1,-1
-1,-1
-1,-1
-1,-1
-1,-1
-1,-1
274135,1
-1,-1
-1,-1
-1,-1
-1,-1
-1,-1
242028,14
-1,-1
-1,-1
-1,-1
-1,-1
-1,-1
-1,-1
-1,-1
-1,-1
-1,0
-1,-1
-1,-1
-1,-1
-1,-1
-1,-1
-1,-1
-1,-1
-1,-1
-1,-1
-1,-1
-1,-1
-1,-1
-1,-1
-1,-1
-1,-1
-1,-1
-1,-1
-1,-1
-1,-1
-1,-1
-1,-1
-1,-1
-1,-1
-1,-1
-1,-1
-1,-1
-1,-1
-1,0
-1,0
-1,-1
-1,-1
-1,-1
-1,-1
-1,-1
-1,-1
-1,-1
-1,-1
111333,7
-1,-1
-1,-1
-1,-1
-1,-1
175052,50
-1,-1
-1,-1
-1,-1
-1,-1
-1,-1
-1,-1
-1,-1
-1,-1
-1,-1
-1,-1
-1,-1
-1,-1
-1,-1
-1,-1
-1,-1
-1,-1
-1,-1
117280,538
-1,-1
-1,-1
-1,-1
