315002,1330,20778810
270929,70,741325
285628,68,613669
288308,73,1046587
293660,72,982643
302185,66,516799
388629,44,57196
363759,61,330771
514513,50,109468
269120,71,882465
397738,56,187155
365027,66,510412
146938,99,13037079
373801,51,118861
358961,51,112843
369418,62,339776
330163,41,42686
283042,70,763476
407152,51,115218
326304,48,83017
387330,32,16633
309276,47,82407
395945,35,23757
322449,45,64567
-1,1,0
-1,-1
-1,-1
-1,-1
-1,-1
-1,-1
-1,-1
-1,-1
-1,-1
-1,-1
-1,-1
-1,-1
277362,1
-1,-1
-1,-1
-1,-1
-1,-1
-1,-1
246630,14
-1,-1
-1,-1
-1,-1
-1,-1
-1,-1
-1,-1
-1,-1
-1,-1
-1,0
-1,-1
-1,-1
-1,-1
-1,-1
-1,-1
-1,-1
-1,-1
-1,-1
-1,-1
-1,-1
-1,-1
-1,-1
-1,-1
-1,-1
-1,-1
-1,-1
-1,-1
-1,-1
-1,-1
-1,-1
-1,-1
-1,-1
-1,-1
-1,-1
-1,-1
-1,-1
-1,-1
-1,0
-1,0
-1,-1
-1,-1
-1,-1
-1,-1
-1,-1
-1,-1
-1,-1
-1,-1
114429,7
-1,-1
-1,-1
-1,-1
-1,-1
178540,50
-1,-1
-1,-1
-1,-1
-1,-1
-1,-1
-1,-1
-1,-1
-1,-1
-1,-1
-1,-1
-1,-1
-1,-1
-1,-1
-1,-1
-1,-1
-1,-1
-1,-1
118337,538
-1,-1
-1,-1
-1,-1
