315028,1330,20778810
270957,70,741325
285657,68,613669
288334,73,1046587
293678,72,982643
302208,66,516799
388660,44,57196
363783,61,330771
514548,50,109468
269148,71,882465
397772,56,187155
365063,66,510412
146947,99,13037079
373833,51,118861
358992,51,112843
369445,62,339776
330193,41,42686
283056,70,763476
407169,51,115218
326339,48,83017
387364,32,16633
309300,47,82407
395968,35,23757
322469,45,64567
-1,1,0
-1,-1
-1,-1
-1,-1
-1,-1
-1,-1
-1,-1
-1,-1
-1,-1
-1,-1
-1,-1
-1,-1
277381,1
-1,-1
-1,-1
-1,-1
-1,-1
-1,-1
246654,14
-1,-1
-1,-1
-1,-1
-1,-1
-1,-1
-1,-1
-1,-1
-1,-1
-1,0
-1,-1
-1,-1
-1,-1
-1,-1
-1,-1
-1,-1
-1,-1
-1,-1
-1,-1
-1,-1
-1,-1
-1,-1
-1,-1
-1,-1
-1,-1
-1,-1
-1,-1
-1,-1
-1,-1
-1,-1
-1,-1
-1,-1
-1,-1
-1,-1
-1,-1
-1,-1
-1,-1
-1,0
-1,0
-1,-1
-1,-1
-1,-1
-1,-1
-1,-1
-1,-1
-1,-1
-1,-1
114448,7
-1,-1
-1,-1
-1,-1
-1,-1
178554,50
-1,-1
-1,-1
-1,-1
-1,-1
-1,-1
-1,-1
-1,-1
-1,-1
-1,-1
-1,-1
-1,-1
-1,-1
-1,-1
-1,-1
-1,-1
-1,-1
-1,-1
118343,538
-1,-1
-1,-1
-1,-1
