310207,1330,20778810
266419,70,741325
280891,68,613669
283546,73,1046587
288884,72,982643
297836,66,516799
382595,44,57196
358297,61,330771
507681,50,109468
264925,71,882465
392543,56,187155
360293,66,510412
145470,99,13037079
368596,51,118861
353681,51,112843
363832,62,339776
325458,41,42686
278692,70,763476
400889,51,115218
321431,48,83017
381882,32,16633
304322,47,82407
390775,35,23757
317771,45,64567
-1,1,0
-1,-1
-1,-1
-1,-1
-1,-1
-1,-1
-1,-1
-1,-1
-1,-1
-1,-1
-1,-1
-1,-1
274121,1
-1,-1
-1,-1
-1,-1
-1,-1
-1,-1
242024,14
-1,-1
-1,-1
-1,-1
-1,-1
-1,-1
-1,-1
-1,-1
-1,-1
-1,0
-1,-1
-1,-1
-1,-1
-1,-1
-1,-1
-1,-1
-1,-1
-1,-1
-1,-1
-1,-1
-1,-1
-1,-1
-1,-1
-1,-1
-1,-1
-1,-1
-1,-1
-1,-1
-1,-1
-1,-1
-1,-1
-1,-1
-1,-1
-1,-1
-1,-1
-1,-1
-1,-1
-1,0
-1,0
-1,-1
-1,-1
-1,-1
-1,-1
-1,-1
-1,-1
-1,-1
-1,-1
111311,7
-1,-1
-1,-1
-1,-1
-1,-1
175040,50
-1,-1
-1,-1
-1,-1
-1,-1
-1,-1
-1,-1
-1,-1
-1,-1
-1,-1
-1,-1
-1,-1
-1,-1
-1,-1
-1,-1
-1,-1
-1,-1
-1,-1
117273,538
-1,-1
-1,-1
-1,-1
