310270,1330,20778810
266465,70,741325
280932,68,613669
283594,73,1046587
288925,72,982643
297884,66,516799
382645,44,57196
358347,61,330771
507735,50,109468
264968,71,882465
392591,56,187155
360333,66,510412
145487,99,13037079
368640,51,118861
353734,51,112843
363877,62,339776
325499,41,42686
278731,70,763476
400935,51,115218
321460,48,83017
381936,32,16633
304358,47,82407
390829,35,23757
317829,45,64567
-1,1,0
-1,-1
-1,-1
-1,-1
-1,-1
-1,-1
-1,-1
-1,-1
-1,-1
-1,-1
-1,-1
-1,-1
274152,1
-1,-1
-1,-1
-1,-1
-1,-1
-1,-1
242055,14
-1,-1
-1,-1
-1,-1
-1,-1
-1,-1
-1,-1
-1,-1
-1,-1
-1,0
-1,-1
-1,-1
-1,-1
-1,-1
-1,-1
-1,-1
-1,-1
-1,-1
-1,-1
-1,-1
-1,-1
-1,-1
-1,-1
-1,-1
-1,-1
-1,-1
-1,-1
-1,-1
-1,-1
-1,-1
-1,-1
-1,-1
-1,-1
-1,-1
-1,-1
-1,-1
-1,-1
-1,0
-1,0
-1,-1
-1,-1
-1,-1
-1,-1
-1,-1
-1,-1
-1,-1
-1,-1
111350,7
-1,-1
-1,-1
-1,-1
-1,-1
175068,50
-1,-1
-1,-1
-1,-1
-1,-1
-1,-1
-1,-1
-1,-1
-1,-1
-1,-1
-1,-1
-1,-1
-1,-1
-1,-1
-1,-1
-1,-1
-1,-1
-1,-1
117282,538
-1,-1
-1,-1
-1,-1
