310317,1330,20778810
266500,70,741325
280973,68,613669
283642,73,1046587
288969,72,982643
297916,66,516799
382701,44,57196
358400,61,330771
507791,50,109468
265011,71,882465
392638,56,187155
360372,66,510412
145501,99,13037079
368688,51,118861
353788,51,112843
363914,62,339776
325530,41,42686
278766,70,763476
400999,51,115218
321504,48,83017
381983,32,16633
304400,47,82407
390882,35,23757
317881,45,64567
-1,1,0
-1,-1
-1,-1
-1,-1
-1,-1
-1,-1
-1,-1
-1,-1
-1,-1
-1,-1
-1,-1
-1,-1
274185,1
-1,-1
-1,-1
-1,-1
-1,-1
-1,-1
242093,14
-1,-1
-1,-1
-1,-1
-1,-1
-1,-1
-1,-1
-1,-1
-1,-1
-1,0
-1,-1
-1,-1
-1,-1
-1,-1
-1,-1
-1,-1
-1,-1
-1,-1
-1,-1
-1,-1
-1,-1
-1,-1
-1,-1
-1,-1
-1,-1
-1,-1
-1,-1
-1,-1
-1,-1
-1,-1
-1,-1
-1,-1
-1,-1
-1,-1
-1,-1
-1,-1
-1,-1
-1,0
-1,0
-1,-1
-1,-1
-1,-1
-1,-1
-1,-1
-1,-1
-1,-1
-1,-1
111387,7
-1,-1
-1,-1
-1,-1
-1,-1
175094,50
-1,-1
-1,-1
-1,-1
-1,-1
-1,-1
-1,-1
-1,-1
-1,-1
-1,-1
-1,-1
-1,-1
-1,-1
-1,-1
-1,-1
-1,-1
-1,-1
-1,-1
117293,538
-1,-1
-1,-1
-1,-1
