310313,1330,20778810
266494,70,741325
280960,68,613669
283626,73,1046587
288963,72,982643
297911,66,516799
382691,44,57196
358391,61,330771
507775,50,109468
265003,71,882465
392624,56,187155
360360,66,510412
145498,99,13037079
368676,51,118861
353779,51,112843
363905,62,339776
325524,41,42686
278759,70,763476
400981,51,115218
321497,48,83017
381970,32,16633
304392,47,82407
390873,35,23757
317868,45,64567
-1,1,0
-1,-1
-1,-1
-1,-1
-1,-1
-1,-1
-1,-1
-1,-1
-1,-1
-1,-1
-1,-1
-1,-1
274175,1
-1,-1
-1,-1
-1,-1
-1,-1
-1,-1
242084,14
-1,-1
-1,-1
-1,-1
-1,-1
-1,-1
-1,-1
-1,-1
-1,-1
-1,0
-1,-1
-1,-1
-1,-1
-1,-1
-1,-1
-1,-1
-1,-1
-1,-1
-1,-1
-1,-1
-1,-1
-1,-1
-1,-1
-1,-1
-1,-1
-1,-1
-1,-1
-1,-1
-1,-1
-1,-1
-1,-1
-1,-1
-1,-1
-1,-1
-1,-1
-1,-1
-1,-1
-1,0
-1,0
-1,-1
-1,-1
-1,-1
-1,-1
-1,-1
-1,-1
-1,-1
-1,-1
111381,7
-1,-1
-1,-1
-1,-1
-1,-1
175084,50
-1,-1
-1,-1
-1,-1
-1,-1
-1,-1
-1,-1
-1,-1
-1,-1
-1,-1
-1,-1
-1,-1
-1,-1
-1,-1
-1,-1
-1,-1
-1,-1
-1,-1
117291,538
-1,-1
-1,-1
-1,-1
