314957,1330,20778810
270892,70,741325
285546,68,613669
288243,73,1046587
293604,72,982643
302134,66,516799
388595,44,57196
363718,61,330771
514447,50,109468
269070,71,882465
397700,56,187155
364986,66,510412
146931,99,13037079
373756,51,118861
358900,51,112843
369369,62,339776
330118,41,42686
283004,70,763476
407121,51,115218
326260,48,83017
387279,32,16633
309236,47,82407
395891,35,23757
322414,45,64567
-1,1,0
-1,-1
-1,-1
-1,-1
-1,-1
-1,-1
-1,-1
-1,-1
-1,-1
-1,-1
-1,-1
-1,-1
277341,1
-1,-1
-1,-1
-1,-1
-1,-1
-1,-1
246585,14
-1,-1
-1,-1
-1,-1
-1,-1
-1,-1
-1,-1
-1,-1
-1,-1
-1,0
-1,-1
-1,-1
-1,-1
-1,-1
-1,-1
-1,-1
-1,-1
-1,-1
-1,-1
-1,-1
-1,-1
-1,-1
-1,-1
-1,-1
-1,-1
-1,-1
-1,-1
-1,-1
-1,-1
-1,-1
-1,-1
-1,-1
-1,-1
-1,-1
-1,-1
-1,-1
-1,-1
-1,0
-1,0
-1,-1
-1,-1
-1,-1
-1,-1
-1,-1
-1,-1
-1,-1
-1,-1
114396,7
-1,-1
-1,-1
-1,-1
-1,-1
178512,50
-1,-1
-1,-1
-1,-1
-1,-1
-1,-1
-1,-1
-1,-1
-1,-1
-1,-1
-1,-1
-1,-1
-1,-1
-1,-1
-1,-1
-1,-1
-1,-1
-1,-1
118340,538
-1,-1
-1,-1
-1,-1
