310185,1330,20778810
266398,70,741325
280862,68,613669
283518,73,1046587
288859,72,982643
297807,66,516799
382563,44,57196
358278,61,330771
507647,50,109468
264907,71,882465
392504,56,187155
360270,66,510412
145473,99,13037079
368574,51,118861
353655,51,112843
363808,62,339776
325421,41,42686
278655,70,763476
400849,51,115218
321408,48,83017
381844,32,16633
304294,47,82407
390757,35,23757
317743,45,64567
-1,1,0
-1,-1
-1,-1
-1,-1
-1,-1
-1,-1
-1,-1
-1,-1
-1,-1
-1,-1
-1,-1
-1,-1
274102,1
-1,-1
-1,-1
-1,-1
-1,-1
-1,-1
242001,14
-1,-1
-1,-1
-1,-1
-1,-1
-1,-1
-1,-1
-1,-1
-1,-1
-1,0
-1,-1
-1,-1
-1,-1
-1,-1
-1,-1
-1,-1
-1,-1
-1,-1
-1,-1
-1,-1
-1,-1
-1,-1
-1,-1
-1,-1
-1,-1
-1,-1
-1,-1
-1,-1
-1,-1
-1,-1
-1,-1
-1,-1
-1,-1
-1,-1
-1,-1
-1,-1
-1,-1
-1,0
-1,0
-1,-1
-1,-1
-1,-1
-1,-1
-1,-1
-1,-1
-1,-1
-1,-1
111292,7
-1,-1
-1,-1
-1,-1
-1,-1
175011,50
-1,-1
-1,-1
-1,-1
-1,-1
-1,-1
-1,-1
-1,-1
-1,-1
-1,-1
-1,-1
-1,-1
-1,-1
-1,-1
-1,-1
-1,-1
-1,-1
-1,-1
117275,538
-1,-1
-1,-1
-1,-1
