310345,1330,20778810
266536,70,741325
281010,68,613669
283689,73,1046587
289003,72,982643
297943,66,516799
382758,44,57196
358439,61,330771
507834,50,109468
265041,71,882465
392671,56,187155
360412,66,510412
145508,99,13037079
368728,51,118861
353821,51,112843
363953,62,339776
325566,41,42686
278807,70,763476
401052,51,115218
321536,48,83017
382029,32,16633
304448,47,82407
390919,35,23757
317917,45,64567
-1,1,0
-1,-1
-1,-1
-1,-1
-1,-1
-1,-1
-1,-1
-1,-1
-1,-1
-1,-1
-1,-1
-1,-1
274211,1
-1,-1
-1,-1
-1,-1
-1,-1
-1,-1
242134,14
-1,-1
-1,-1
-1,-1
-1,-1
-1,-1
-1,-1
-1,-1
-1,-1
-1,0
-1,-1
-1,-1
-1,-1
-1,-1
-1,-1
-1,-1
-1,-1
-1,-1
-1,-1
-1,-1
-1,-1
-1,-1
-1,-1
-1,-1
-1,-1
-1,-1
-1,-1
-1,-1
-1,-1
-1,-1
-1,-1
-1,-1
-1,-1
-1,-1
-1,-1
-1,-1
-1,-1
-1,0
-1,0
-1,-1
-1,-1
-1,-1
-1,-1
-1,-1
-1,-1
-1,-1
-1,-1
111409,7
-1,-1
-1,-1
-1,-1
-1,-1
175119,50
-1,-1
-1,-1
-1,-1
-1,-1
-1,-1
-1,-1
-1,-1
-1,-1
-1,-1
-1,-1
-1,-1
-1,-1
-1,-1
-1,-1
-1,-1
-1,-1
-1,-1
117300,538
-1,-1
-1,-1
-1,-1
