315185,1330,20778810
271070,70,741325
285781,68,613669
288456,73,1046587
293813,72,982643
302333,66,516799
388809,44,57196
363921,61,330771
514740,50,109468
269263,71,882465
397908,56,187155
365198,66,510412
146978,99,13037079
373967,51,118861
359144,51,112843
369617,62,339776
330309,41,42686
283157,70,763476
407316,51,115218
326441,48,83017
387508,32,16633
309431,47,82407
396085,35,23757
322595,45,64567
-1,1,0
-1,-1
-1,-1
-1,-1
-1,-1
-1,-1
-1,-1
-1,-1
-1,-1
-1,-1
-1,-1
-1,-1
277455,1
-1,-1
-1,-1
-1,-1
-1,-1
-1,-1
246769,14
-1,-1
-1,-1
-1,-1
-1,-1
-1,-1
-1,-1
-1,-1
-1,-1
-1,0
-1,-1
-1,-1
-1,-1
-1,-1
-1,-1
-1,-1
-1,-1
-1,-1
-1,-1
-1,-1
-1,-1
-1,-1
-1,-1
-1,-1
-1,-1
-1,-1
-1,-1
-1,-1
-1,-1
-1,-1
-1,-1
-1,-1
-1,-1
-1,-1
-1,-1
-1,-1
-1,-1
-1,0
-1,0
-1,-1
-1,-1
-1,-1
-1,-1
-1,-1
-1,-1
-1,-1
-1,-1
114544,7
-1,-1
-1,-1
-1,-1
-1,-1
178661,50
-1,-1
-1,-1
-1,-1
-1,-1
-1,-1
-1,-1
-1,-1
-1,-1
-1,-1
-1,-1
-1,-1
-1,-1
-1,-1
-1,-1
-1,-1
-1,-1
-1,-1
118371,538
-1,-1
-1,-1
-1,-1
