315120,1330,20778810
271034,70,741325
285727,68,613669
288417,73,1046587
293761,72,982643
302286,66,516799
388751,44,57196
363866,61,330771
514669,50,109468
269216,71,882465
397862,56,187155
365153,66,510412
146972,99,13037079
373923,51,118861
359094,51,112843
369556,62,339776
330271,41,42686
283120,70,763476
407267,51,115218
326404,48,83017
387449,32,16633
309376,47,82407
396041,35,23757
322545,45,64567
-1,1,0
-1,-1
-1,-1
-1,-1
-1,-1
-1,-1
-1,-1
-1,-1
-1,-1
-1,-1
-1,-1
-1,-1
277433,1
-1,-1
-1,-1
-1,-1
-1,-1
-1,-1
246727,14
-1,-1
-1,-1
-1,-1
-1,-1
-1,-1
-1,-1
-1,-1
-1,-1
-1,0
-1,-1
-1,-1
-1,-1
-1,-1
-1,-1
-1,-1
-1,-1
-1,-1
-1,-1
-1,-1
-1,-1
-1,-1
-1,-1
-1,-1
-1,-1
-1,-1
-1,-1
-1,-1
-1,-1
-1,-1
-1,-1
-1,-1
-1,-1
-1,-1
-1,-1
-1,-1
-1,-1
-1,0
-1,0
-1,-1
-1,-1
-1,-1
-1,-1
-1,-1
-1,-1
-1,-1
-1,-1
114512,7
-1,-1
-1,-1
-1,-1
-1,-1
178623,50
-1,-1
-1,-1
-1,-1
-1,-1
-1,-1
-1,-1
-1,-1
-1,-1
-1,-1
-1,-1
-1,-1
-1,-1
-1,-1
-1,-1
-1,-1
-1,-1
-1,-1
118360,538
-1,-1
-1,-1
-1,-1
