310335,1330,20778810
266528,70,741325
281001,68,613669
283680,73,1046587
288997,72,982643
297933,66,516799
382744,44,57196
358431,61,330771
507819,50,109468
265033,71,882465
392665,56,187155
360400,66,510412
145506,99,13037079
368723,51,118861
353812,51,112843
363945,62,339776
325554,41,42686
278801,70,763476
401041,51,115218
321529,48,83017
382012,32,16633
304439,47,82407
390912,35,23757
317904,45,64567
-1,1,0
-1,-1
-1,-1
-1,-1
-1,-1
-1,-1
-1,-1
-1,-1
-1,-1
-1,-1
-1,-1
-1,-1
274202,1
-1,-1
-1,-1
-1,-1
-1,-1
-1,-1
242122,14
-1,-1
-1,-1
-1,-1
-1,-1
-1,-1
-1,-1
-1,-1
-1,-1
-1,0
-1,-1
-1,-1
-1,-1
-1,-1
-1,-1
-1,-1
-1,-1
-1,-1
-1,-1
-1,-1
-1,-1
-1,-1
-1,-1
-1,-1
-1,-1
-1,-1
-1,-1
-1,-1
-1,-1
-1,-1
-1,-1
-1,-1
-1,-1
-1,-1
-1,-1
-1,-1
-1,-1
-1,0
-1,0
-1,-1
-1,-1
-1,-1
-1,-1
-1,-1
-1,-1
-1,-1
-1,-1
111403,7
-1,-1
-1,-1
-1,-1
-1,-1
175114,50
-1,-1
-1,-1
-1,-1
-1,-1
-1,-1
-1,-1
-1,-1
-1,-1
-1,-1
-1,-1
-1,-1
-1,-1
-1,-1
-1,-1
-1,-1
-1,-1
-1,-1
117300,538
-1,-1
-1,-1
-1,-1
