310361,1330,20778810
266552,70,741325
281026,68,613669
283713,73,1046587
289028,72,982643
297960,66,516799
382790,44,57196
358467,61,330771
507870,50,109468
265064,71,882465
392697,56,187155
360443,66,510412
145515,99,13037079
368756,51,118861
353848,51,112843
363980,62,339776
325587,41,42686
278829,70,763476
401094,51,115218
321556,48,83017
382068,32,16633
304473,47,82407
390955,35,23757
317938,45,64567
-1,1,0
-1,-1
-1,-1
-1,-1
-1,-1
-1,-1
-1,-1
-1,-1
-1,-1
-1,-1
-1,-1
-1,-1
274233,1
-1,-1
-1,-1
-1,-1
-1,-1
-1,-1
242161,14
-1,-1
-1,-1
-1,-1
-1,-1
-1,-1
-1,-1
-1,-1
-1,-1
-1,0
-1,-1
-1,-1
-1,-1
-1,-1
-1,-1
-1,-1
-1,-1
-1,-1
-1,-1
-1,-1
-1,-1
-1,-1
-1,-1
-1,-1
-1,-1
-1,-1
-1,-1
-1,-1
-1,-1
-1,-1
-1,-1
-1,-1
-1,-1
-1,-1
-1,-1
-1,-1
-1,-1
-1,0
-1,0
-1,-1
-1,-1
-1,-1
-1,-1
-1,-1
-1,-1
-1,-1
-1,-1
111423,7
-1,-1
-1,-1
-1,-1
-1,-1
175130,50
-1,-1
-1,-1
-1,-1
-1,-1
-1,-1
-1,-1
-1,-1
-1,-1
-1,-1
-1,-1
-1,-1
-1,-1
-1,-1
-1,-1
-1,-1
-1,-1
-1,-1
117313,538
-1,-1
-1,-1
-1,-1
