310356,1330,20778810
266547,70,741325
281025,68,613669
283702,73,1046587
289019,72,982643
297957,66,516799
382782,44,57196
358459,61,330771
507854,50,109468
265057,71,882465
392687,56,187155
360431,66,510412
145511,99,13037079
368746,51,118861
353843,51,112843
363970,62,339776
325581,41,42686
278824,70,763476
401085,51,115218
321549,48,83017
382054,32,16633
304459,47,82407
390940,35,23757
317934,45,64567
-1,1,0
-1,-1
-1,-1
-1,-1
-1,-1
-1,-1
-1,-1
-1,-1
-1,-1
-1,-1
-1,-1
-1,-1
274224,1
-1,-1
-1,-1
-1,-1
-1,-1
-1,-1
242151,14
-1,-1
-1,-1
-1,-1
-1,-1
-1,-1
-1,-1
-1,-1
-1,-1
-1,0
-1,-1
-1,-1
-1,-1
-1,-1
-1,-1
-1,-1
-1,-1
-1,-1
-1,-1
-1,-1
-1,-1
-1,-1
-1,-1
-1,-1
-1,-1
-1,-1
-1,-1
-1,-1
-1,-1
-1,-1
-1,-1
-1,-1
-1,-1
-1,-1
-1,-1
-1,-1
-1,-1
-1,0
-1,0
-1,-1
-1,-1
-1,-1
-1,-1
-1,-1
-1,-1
-1,-1
-1,-1
111418,7
-1,-1
-1,-1
-1,-1
-1,-1
175127,50
-1,-1
-1,-1
-1,-1
-1,-1
-1,-1
-1,-1
-1,-1
-1,-1
-1,-1
-1,-1
-1,-1
-1,-1
-1,-1
-1,-1
-1,-1
-1,-1
-1,-1
117309,538
-1,-1
-1,-1
-1,-1
