310364,1330,20778810
266556,70,741325
281032,68,613669
283718,73,1046587
289030,72,982643
297961,66,516799
382797,44,57196
358471,61,330771
507873,50,109468
265066,71,882465
392699,56,187155
360448,66,510412
145520,99,13037079
368764,51,118861
353854,51,112843
363988,62,339776
325593,41,42686
278832,70,763476
401102,51,115218
321564,48,83017
382071,32,16633
304477,47,82407
390964,35,23757
317943,45,64567
-1,1,0
-1,-1
-1,-1
-1,-1
-1,-1
-1,-1
-1,-1
-1,-1
-1,-1
-1,-1
-1,-1
-1,-1
274235,1
-1,-1
-1,-1
-1,-1
-1,-1
-1,-1
242167,14
-1,-1
-1,-1
-1,-1
-1,-1
-1,-1
-1,-1
-1,-1
-1,-1
-1,0
-1,-1
-1,-1
-1,-1
-1,-1
-1,-1
-1,-1
-1,-1
-1,-1
-1,-1
-1,-1
-1,-1
-1,-1
-1,-1
-1,-1
-1,-1
-1,-1
-1,-1
-1,-1
-1,-1
-1,-1
-1,-1
-1,-1
-1,-1
-1,-1
-1,-1
-1,-1
-1,-1
-1,0
-1,0
-1,-1
-1,-1
-1,-1
-1,-1
-1,-1
-1,-1
-1,-1
-1,-1
111428,7
-1,-1
-1,-1
-1,-1
-1,-1
175131,50
-1,-1
-1,-1
-1,-1
-1,-1
-1,-1
-1,-1
-1,-1
-1,-1
-1,-1
-1,-1
-1,-1
-1,-1
-1,-1
-1,-1
-1,-1
-1,-1
-1,-1
117313,538
-1,-1
-1,-1
-1,-1
