310352,1330,20778810
266544,70,741325
281021,68,613669
283699,73,1046587
289014,72,982643
297949,66,516799
382772,44,57196
358454,61,330771
507847,50,109468
265048,71,882465
392683,56,187155
360422,66,510412
145511,99,13037079
368740,51,118861
353836,51,112843
363965,62,339776
325577,41,42686
278819,70,763476
401073,51,115218
321546,48,83017
382046,32,16633
304456,47,82407
390933,35,23757
317930,45,64567
-1,1,0
-1,-1
-1,-1
-1,-1
-1,-1
-1,-1
-1,-1
-1,-1
-1,-1
-1,-1
-1,-1
-1,-1
274219,1
-1,-1
-1,-1
-1,-1
-1,-1
-1,-1
242145,14
-1,-1
-1,-1
-1,-1
-1,-1
-1,-1
-1,-1
-1,-1
-1,-1
-1,0
-1,-1
-1,-1
-1,-1
-1,-1
-1,-1
-1,-1
-1,-1
-1,-1
-1,-1
-1,-1
-1,-1
-1,-1
-1,-1
-1,-1
-1,-1
-1,-1
-1,-1
-1,-1
-1,-1
-1,-1
-1,-1
-1,-1
-1,-1
-1,-1
-1,-1
-1,-1
-1,-1
-1,0
-1,0
-1,-1
-1,-1
-1,-1
-1,-1
-1,-1
-1,-1
-1,-1
-1,-1
111415,7
-1,-1
-1,-1
-1,-1
-1,-1
175126,50
-1,-1
-1,-1
-1,-1
-1,-1
-1,-1
-1,-1
-1,-1
-1,-1
-1,-1
-1,-1
-1,-1
-1,-1
-1,-1
-1,-1
-1,-1
-1,-1
-1,-1
117307,538
-1,-1
-1,-1
-1,-1
