310388,1330,20778810
266583,70,741325
281054,68,613669
283748,73,1046587
289055,72,982643
297981,66,516799
382825,44,57196
358498,61,330771
507921,50,109468
265082,71,882465
392738,56,187155
360479,66,510412
145529,99,13037079
368796,51,118861
353884,51,112843
364022,62,339776
325623,41,42686
278861,70,763476
401153,51,115218
321586,48,83017
382101,32,16633
304496,47,82407
390994,35,23757
317974,45,64567
-1,1,0
-1,-1
-1,-1
-1,-1
-1,-1
-1,-1
-1,-1
-1,-1
-1,-1
-1,-1
-1,-1
-1,-1
274248,1
-1,-1
-1,-1
-1,-1
-1,-1
-1,-1
242180,14
-1,-1
-1,-1
-1,-1
-1,-1
-1,-1
-1,-1
-1,-1
-1,-1
-1,0
-1,-1
-1,-1
-1,-1
-1,-1
-1,-1
-1,-1
-1,-1
-1,-1
-1,-1
-1,-1
-1,-1
-1,-1
-1,-1
-1,-1
-1,-1
-1,-1
-1,-1
-1,-1
-1,-1
-1,-1
-1,-1
-1,-1
-1,-1
-1,-1
-1,-1
-1,-1
-1,-1
-1,0
-1,0
-1,-1
-1,-1
-1,-1
-1,-1
-1,-1
-1,-1
-1,-1
-1,-1
111445,7
-1,-1
-1,-1
-1,-1
-1,-1
175152,50
-1,-1
-1,-1
-1,-1
-1,-1
-1,-1
-1,-1
-1,-1
-1,-1
-1,-1
-1,-1
-1,-1
-1,-1
-1,-1
-1,-1
-1,-1
-1,-1
-1,-1
117318,538
-1,-1
-1,-1
-1,-1
