310394,1330,20778810
266586,70,741325
281056,68,613669
283747,73,1046587
289057,72,982643
297987,66,516799
382826,44,57196
358497,61,330771
507922,50,109468
265084,71,882465
392738,56,187155
360484,66,510412
145528,99,13037079
368802,51,118861
353888,51,112843
364026,62,339776
325625,41,42686
278860,70,763476
401153,51,115218
321591,48,83017
382109,32,16633
304494,47,82407
391001,35,23757
317977,45,64567
-1,1,0
-1,-1
-1,-1
-1,-1
-1,-1
-1,-1
-1,-1
-1,-1
-1,-1
-1,-1
-1,-1
-1,-1
274247,1
-1,-1
-1,-1
-1,-1
-1,-1
-1,-1
242178,14
-1,-1
-1,-1
-1,-1
-1,-1
-1,-1
-1,-1
-1,-1
-1,-1
-1,0
-1,-1
-1,-1
-1,-1
-1,-1
-1,-1
-1,-1
-1,-1
-1,-1
-1,-1
-1,-1
-1,-1
-1,-1
-1,-1
-1,-1
-1,-1
-1,-1
-1,-1
-1,-1
-1,-1
-1,-1
-1,-1
-1,-1
-1,-1
-1,-1
-1,-1
-1,-1
-1,-1
-1,0
-1,0
-1,-1
-1,-1
-1,-1
-1,-1
-1,-1
-1,-1
-1,-1
-1,-1
111446,7
-1,-1
-1,-1
-1,-1
-1,-1
175156,50
-1,-1
-1,-1
-1,-1
-1,-1
-1,-1
-1,-1
-1,-1
-1,-1
-1,-1
-1,-1
-1,-1
-1,-1
-1,-1
-1,-1
-1,-1
-1,-1
-1,-1
117314,538
-1,-1
-1,-1
-1,-1
