310380,1330,20778810
266575,70,741325
281049,68,613669
283740,73,1046587
289052,72,982643
297975,66,516799
382819,44,57196
358491,61,330771
507908,50,109468
265077,71,882465
392732,56,187155
360465,66,510412
145524,99,13037079
368786,51,118861
353873,51,112843
364008,62,339776
325609,41,42686
278850,70,763476
401135,51,115218
321583,48,83017
382094,32,16633
304492,47,82407
390986,35,23757
317963,45,64567
-1,1,0
-1,-1
-1,-1
-1,-1
-1,-1
-1,-1
-1,-1
-1,-1
-1,-1
-1,-1
-1,-1
-1,-1
274242,1
-1,-1
-1,-1
-1,-1
-1,-1
-1,-1
242177,14
-1,-1
-1,-1
-1,-1
-1,-1
-1,-1
-1,-1
-1,-1
-1,-1
-1,0
-1,-1
-1,-1
-1,-1
-1,-1
-1,-1
-1,-1
-1,-1
-1,-1
-1,-1
-1,-1
-1,-1
-1,-1
-1,-1
-1,-1
-1,-1
-1,-1
-1,-1
-1,-1
-1,-1
-1,-1
-1,-1
-1,-1
-1,-1
-1,-1
-1,-1
-1,-1
-1,-1
-1,0
-1,0
-1,-1
-1,-1
-1,-1
-1,-1
-1,-1
-1,-1
-1,-1
-1,-1
111442,7
-1,-1
-1,-1
-1,-1
-1,-1
175147,50
-1,-1
-1,-1
-1,-1
-1,-1
-1,-1
-1,-1
-1,-1
-1,-1
-1,-1
-1,-1
-1,-1
-1,-1
-1,-1
-1,-1
-1,-1
-1,-1
-1,-1
117317,538
-1,-1
-1,-1
-1,-1
