310417,1330,20778810
266613,70,741325
281075,68,613669
283774,73,1046587
289086,72,982643
298006,66,516799
382865,44,57196
358536,61,330771
507977,50,109468
265110,71,882465
392764,56,187155
360516,66,510412
145537,99,13037079
368827,51,118861
353913,51,112843
364061,62,339776
325666,41,42686
278895,70,763476
401197,51,115218
321616,48,83017
382142,32,16633
304527,47,82407
391040,35,23757
318007,45,64567
-1,1,0
-1,-1
-1,-1
-1,-1
-1,-1
-1,-1
-1,-1
-1,-1
-1,-1
-1,-1
-1,-1
-1,-1
274272,1
-1,-1
-1,-1
-1,-1
-1,-1
-1,-1
242209,14
-1,-1
-1,-1
-1,-1
-1,-1
-1,-1
-1,-1
-1,-1
-1,-1
-1,0
-1,-1
-1,-1
-1,-1
-1,-1
-1,-1
-1,-1
-1,-1
-1,-1
-1,-1
-1,-1
-1,-1
-1,-1
-1,-1
-1,-1
-1,-1
-1,-1
-1,-1
-1,-1
-1,-1
-1,-1
-1,-1
-1,-1
-1,-1
-1,-1
-1,-1
-1,-1
-1,-1
-1,0
-1,0
-1,-1
-1,-1
-1,-1
-1,-1
-1,-1
-1,-1
-1,-1
-1,-1
111467,7
-1,-1
-1,-1
-1,-1
-1,-1
175183,50
-1,-1
-1,-1
-1,-1
-1,-1
-1,-1
-1,-1
-1,-1
-1,-1
-1,-1
-1,-1
-1,-1
-1,-1
-1,-1
-1,-1
-1,-1
-1,-1
-1,-1
117328,538
-1,-1
-1,-1
-1,-1
