310368,1330,20778810
266566,70,741325
281040,68,613669
283732,73,1046587
289043,72,982643
297969,66,516799
382809,44,57196
358483,61,330771
507885,50,109468
265074,71,882465
392714,56,187155
360455,66,510412
145520,99,13037079
368773,51,118861
353866,51,112843
363998,62,339776
325603,41,42686
278843,70,763476
401116,51,115218
321576,48,83017
382084,32,16633
304488,47,82407
390977,35,23757
317955,45,64567
-1,1,0
-1,-1
-1,-1
-1,-1
-1,-1
-1,-1
-1,-1
-1,-1
-1,-1
-1,-1
-1,-1
-1,-1
274239,1
-1,-1
-1,-1
-1,-1
-1,-1
-1,-1
242174,14
-1,-1
-1,-1
-1,-1
-1,-1
-1,-1
-1,-1
-1,-1
-1,-1
-1,0
-1,-1
-1,-1
-1,-1
-1,-1
-1,-1
-1,-1
-1,-1
-1,-1
-1,-1
-1,-1
-1,-1
-1,-1
-1,-1
-1,-1
-1,-1
-1,-1
-1,-1
-1,-1
-1,-1
-1,-1
-1,-1
-1,-1
-1,-1
-1,-1
-1,-1
-1,-1
-1,-1
-1,0
-1,0
-1,-1
-1,-1
-1,-1
-1,-1
-1,-1
-1,-1
-1,-1
-1,-1
111438,7
-1,-1
-1,-1
-1,-1
-1,-1
175135,50
-1,-1
-1,-1
-1,-1
-1,-1
-1,-1
-1,-1
-1,-1
-1,-1
-1,-1
-1,-1
-1,-1
-1,-1
-1,-1
-1,-1
-1,-1
-1,-1
-1,-1
117314,538
-1,-1
-1,-1
-1,-1
