310557,1330,20778810
266739,70,741325
281199,68,613669
283906,73,1046587
289223,72,982643
298119,66,516799
383051,44,57196
358702,61,330771
508180,50,109468
265244,71,882465
392933,56,187155
360646,66,510412
145595,99,13037079
368969,51,118861
354056,51,112843
364259,62,339776
325796,41,42686
279029,70,763476
401388,51,115218
321760,48,83017
382324,32,16633
304692,47,82407
391214,35,23757
318162,45,64567
-1,1,0
-1,-1
-1,-1
-1,-1
-1,-1
-1,-1
-1,-1
-1,-1
-1,-1
-1,-1
-1,-1
-1,-1
274350,1
-1,-1
-1,-1
-1,-1
-1,-1
-1,-1
242354,14
-1,-1
-1,-1
-1,-1
-1,-1
-1,-1
-1,-1
-1,-1
-1,-1
-1,0
-1,-1
-1,-1
-1,-1
-1,-1
-1,-1
-1,-1
-1,-1
-1,-1
-1,-1
-1,-1
-1,-1
-1,-1
-1,-1
-1,-1
-1,-1
-1,-1
-1,-1
-1,-1
-1,-1
-1,-1
-1,-1
-1,-1
-1,-1
-1,-1
-1,-1
-1,-1
-1,-1
-1,0
-1,0
-1,-1
-1,-1
-1,-1
-1,-1
-1,-1
-1,-1
-1,-1
-1,-1
111578,7
-1,-1
-1,-1
-1,-1
-1,-1
175294,50
-1,-1
-1,-1
-1,-1
-1,-1
-1,-1
-1,-1
-1,-1
-1,-1
-1,-1
-1,-1
-1,-1
-1,-1
-1,-1
-1,-1
-1,-1
-1,-1
-1,-1
117370,538
-1,-1
-1,-1
-1,-1
