310526,1330,20778810
266705,70,741325
281167,68,613669
283877,73,1046587
289185,72,982643
298081,66,516799
383001,44,57196
358659,61,330771
508135,50,109468
265199,71,882465
392888,56,187155
360606,66,510412
145575,99,13037079
368932,51,118861
354032,51,112843
364203,62,339776
325768,41,42686
278999,70,763476
401336,51,115218
321722,48,83017
382287,32,16633
304642,47,82407
391176,35,23757
318122,45,64567
-1,1,0
-1,-1
-1,-1
-1,-1
-1,-1
-1,-1
-1,-1
-1,-1
-1,-1
-1,-1
-1,-1
-1,-1
274331,1
-1,-1
-1,-1
-1,-1
-1,-1
-1,-1
242313,14
-1,-1
-1,-1
-1,-1
-1,-1
-1,-1
-1,-1
-1,-1
-1,-1
-1,0
-1,-1
-1,-1
-1,-1
-1,-1
-1,-1
-1,-1
-1,-1
-1,-1
-1,-1
-1,-1
-1,-1
-1,-1
-1,-1
-1,-1
-1,-1
-1,-1
-1,-1
-1,-1
-1,-1
-1,-1
-1,-1
-1,-1
-1,-1
-1,-1
-1,-1
-1,-1
-1,-1
-1,0
-1,0
-1,-1
-1,-1
-1,-1
-1,-1
-1,-1
-1,-1
-1,-1
-1,-1
111540,7
-1,-1
-1,-1
-1,-1
-1,-1
175258,50
-1,-1
-1,-1
-1,-1
-1,-1
-1,-1
-1,-1
-1,-1
-1,-1
-1,-1
-1,-1
-1,-1
-1,-1
-1,-1
-1,-1
-1,-1
-1,-1
-1,-1
117367,538
-1,-1
-1,-1
-1,-1
