310522,1330,20778810
266703,70,741325
281162,68,613669
283871,73,1046587
289181,72,982643
298081,66,516799
382995,44,57196
358652,61,330771
508126,50,109468
265197,71,882465
392883,56,187155
360606,66,510412
145570,99,13037079
368928,51,118861
354028,51,112843
364194,62,339776
325761,41,42686
278995,70,763476
401327,51,115218
321718,48,83017
382280,32,16633
304642,47,82407
391173,35,23757
318115,45,64567
-1,1,0
-1,-1
-1,-1
-1,-1
-1,-1
-1,-1
-1,-1
-1,-1
-1,-1
-1,-1
-1,-1
-1,-1
274329,1
-1,-1
-1,-1
-1,-1
-1,-1
-1,-1
242308,14
-1,-1
-1,-1
-1,-1
-1,-1
-1,-1
-1,-1
-1,-1
-1,-1
-1,0
-1,-1
-1,-1
-1,-1
-1,-1
-1,-1
-1,-1
-1,-1
-1,-1
-1,-1
-1,-1
-1,-1
-1,-1
-1,-1
-1,-1
-1,-1
-1,-1
-1,-1
-1,-1
-1,-1
-1,-1
-1,-1
-1,-1
-1,-1
-1,-1
-1,-1
-1,-1
-1,-1
-1,0
-1,0
-1,-1
-1,-1
-1,-1
-1,-1
-1,-1
-1,-1
-1,-1
-1,-1
111537,7
-1,-1
-1,-1
-1,-1
-1,-1
175256,50
-1,-1
-1,-1
-1,-1
-1,-1
-1,-1
-1,-1
-1,-1
-1,-1
-1,-1
-1,-1
-1,-1
-1,-1
-1,-1
-1,-1
-1,-1
-1,-1
-1,-1
117366,538
-1,-1
-1,-1
-1,-1
