310601,1330,20778810
266778,70,741325
281256,68,613669
283941,73,1046587
289267,72,982643
298146,66,516799
383093,44,57196
358740,61,330771
508233,50,109468
265284,71,882465
392971,56,187155
360688,66,510412
145612,99,13037079
369018,51,118861
354102,51,112843
364296,62,339776
325834,41,42686
279055,70,763476
401440,51,115218
321795,48,83017
382372,32,16633
304731,47,82407
391266,35,23757
318195,45,64567
-1,1,0
-1,-1
-1,-1
-1,-1
-1,-1
-1,-1
-1,-1
-1,-1
-1,-1
-1,-1
-1,-1
-1,-1
274375,1
-1,-1
-1,-1
-1,-1
-1,-1
-1,-1
242383,14
-1,-1
-1,-1
-1,-1
-1,-1
-1,-1
-1,-1
-1,-1
-1,-1
-1,0
-1,-1
-1,-1
-1,-1
-1,-1
-1,-1
-1,-1
-1,-1
-1,-1
-1,-1
-1,-1
-1,-1
-1,-1
-1,-1
-1,-1
-1,-1
-1,-1
-1,-1
-1,-1
-1,-1
-1,-1
-1,-1
-1,-1
-1,-1
-1,-1
-1,-1
-1,-1
-1,-1
-1,0
-1,0
-1,-1
-1,-1
-1,-1
-1,-1
-1,-1
-1,-1
-1,-1
-1,-1
111603,7
-1,-1
-1,-1
-1,-1
-1,-1
175316,50
-1,-1
-1,-1
-1,-1
-1,-1
-1,-1
-1,-1
-1,-1
-1,-1
-1,-1
-1,-1
-1,-1
-1,-1
-1,-1
-1,-1
-1,-1
-1,-1
-1,-1
117375,538
-1,-1
-1,-1
-1,-1
