315245,1330,20778810
271114,70,741325
285834,68,613669
288508,73,1046587
293876,72,982643
302394,66,516799
388871,44,57196
363980,61,330771
514819,50,109468
269310,71,882465
397968,56,187155
365252,66,510412
147001,99,13037079
374027,51,118861
359213,51,112843
369692,62,339776
330368,41,42686
283220,70,763476
407385,51,115218
326496,48,83017
387563,32,16633
309497,47,82407
396124,35,23757
322649,45,64567
-1,1,0
-1,-1
-1,-1
-1,-1
-1,-1
-1,-1
-1,-1
-1,-1
-1,-1
-1,-1
-1,-1
-1,-1
277493,1
-1,-1
-1,-1
-1,-1
-1,-1
-1,-1
246835,14
-1,-1
-1,-1
-1,-1
-1,-1
-1,-1
-1,-1
-1,-1
-1,-1
-1,0
-1,-1
-1,-1
-1,-1
-1,-1
-1,-1
-1,-1
-1,-1
-1,-1
-1,-1
-1,-1
-1,-1
-1,-1
-1,-1
-1,-1
-1,-1
-1,-1
-1,-1
-1,-1
-1,-1
-1,-1
-1,-1
-1,-1
-1,-1
-1,-1
-1,-1
-1,-1
-1,-1
-1,0
-1,0
-1,-1
-1,-1
-1,-1
-1,-1
-1,-1
-1,-1
-1,-1
-1,-1
114584,7
-1,-1
-1,-1
-1,-1
-1,-1
178705,50
-1,-1
-1,-1
-1,-1
-1,-1
-1,-1
-1,-1
-1,-1
-1,-1
-1,-1
-1,-1
-1,-1
-1,-1
-1,-1
-1,-1
-1,-1
-1,-1
-1,-1
118398,538
-1,-1
-1,-1
-1,-1
