315265,1330,20778810
271140,70,741325
285853,68,613669
288537,73,1046587
293899,72,982643
302417,66,516799
388895,44,57196
364001,61,330771
514837,50,109468
269332,71,882465
397980,56,187155
365270,66,510412
147007,99,13037079
374050,51,118861
359236,51,112843
369716,62,339776
330385,41,42686
283239,70,763476
407403,51,115218
326509,48,83017
387589,32,16633
309517,47,82407
396150,35,23757
322665,45,64567
-1,1,0
-1,-1
-1,-1
-1,-1
-1,-1
-1,-1
-1,-1
-1,-1
-1,-1
-1,-1
-1,-1
-1,-1
277507,1
-1,-1
-1,-1
-1,-1
-1,-1
-1,-1
246852,14
-1,-1
-1,-1
-1,-1
-1,-1
-1,-1
-1,-1
-1,-1
-1,-1
-1,0
-1,-1
-1,-1
-1,-1
-1,-1
-1,-1
-1,-1
-1,-1
-1,-1
-1,-1
-1,-1
-1,-1
-1,-1
-1,-1
-1,-1
-1,-1
-1,-1
-1,-1
-1,-1
-1,-1
-1,-1
-1,-1
-1,-1
-1,-1
-1,-1
-1,-1
-1,-1
-1,-1
-1,0
-1,0
-1,-1
-1,-1
-1,-1
-1,-1
-1,-1
-1,-1
-1,-1
-1,-1
114591,7
-1,-1
-1,-1
-1,-1
-1,-1
178715,50
-1,-1
-1,-1
-1,-1
-1,-1
-1,-1
-1,-1
-1,-1
-1,-1
-1,-1
-1,-1
-1,-1
-1,-1
-1,-1
-1,-1
-1,-1
-1,-1
-1,-1
118400,538
-1,-1
-1,-1
-1,-1
