310554,1330,20778810
266734,70,741325
281192,68,613669
283902,73,1046587
289212,72,982643
298114,66,516799
383041,44,57196
358694,61,330771
508173,50,109468
265239,71,882465
392927,56,187155
360641,66,510412
145591,99,13037079
368967,51,118861
354053,51,112843
364252,62,339776
325792,41,42686
279023,70,763476
401387,51,115218
321757,48,83017
382318,32,16633
304688,47,82407
391210,35,23757
318159,45,64567
-1,1,0
-1,-1
-1,-1
-1,-1
-1,-1
-1,-1
-1,-1
-1,-1
-1,-1
-1,-1
-1,-1
-1,-1
274349,1
-1,-1
-1,-1
-1,-1
-1,-1
-1,-1
242346,14
-1,-1
-1,-1
-1,-1
-1,-1
-1,-1
-1,-1
-1,-1
-1,-1
-1,0
-1,-1
-1,-1
-1,-1
-1,-1
-1,-1
-1,-1
-1,-1
-1,-1
-1,-1
-1,-1
-1,-1
-1,-1
-1,-1
-1,-1
-1,-1
-1,-1
-1,-1
-1,-1
-1,-1
-1,-1
-1,-1
-1,-1
-1,-1
-1,-1
-1,-1
-1,-1
-1,-1
-1,0
-1,0
-1,-1
-1,-1
-1,-1
-1,-1
-1,-1
-1,-1
-1,-1
-1,-1
111574,7
-1,-1
-1,-1
-1,-1
-1,-1
175287,50
-1,-1
-1,-1
-1,-1
-1,-1
-1,-1
-1,-1
-1,-1
-1,-1
-1,-1
-1,-1
-1,-1
-1,-1
-1,-1
-1,-1
-1,-1
-1,-1
-1,-1
117369,538
-1,-1
-1,-1
-1,-1
