310499,1330,20778810
266676,70,741325
281134,68,613669
283844,73,1046587
289165,72,982643
298069,66,516799
382966,44,57196
358623,61,330771
508097,50,109468
265181,71,882465
392854,56,187155
360589,66,510412
145558,99,13037079
368906,51,118861
354001,51,112843
364164,62,339776
325747,41,42686
278979,70,763476
401301,51,115218
321689,48,83017
382251,32,16633
304610,47,82407
391149,35,23757
318096,45,64567
-1,1,0
-1,-1
-1,-1
-1,-1
-1,-1
-1,-1
-1,-1
-1,-1
-1,-1
-1,-1
-1,-1
-1,-1
274316,1
-1,-1
-1,-1
-1,-1
-1,-1
-1,-1
242282,14
-1,-1
-1,-1
-1,-1
-1,-1
-1,-1
-1,-1
-1,-1
-1,-1
-1,0
-1,-1
-1,-1
-1,-1
-1,-1
-1,-1
-1,-1
-1,-1
-1,-1
-1,-1
-1,-1
-1,-1
-1,-1
-1,-1
-1,-1
-1,-1
-1,-1
-1,-1
-1,-1
-1,-1
-1,-1
-1,-1
-1,-1
-1,-1
-1,-1
-1,-1
-1,-1
-1,-1
-1,0
-1,0
-1,-1
-1,-1
-1,-1
-1,-1
-1,-1
-1,-1
-1,-1
-1,-1
111521,7
-1,-1
-1,-1
-1,-1
-1,-1
175240,50
-1,-1
-1,-1
-1,-1
-1,-1
-1,-1
-1,-1
-1,-1
-1,-1
-1,-1
-1,-1
-1,-1
-1,-1
-1,-1
-1,-1
-1,-1
-1,-1
-1,-1
117355,538
-1,-1
-1,-1
-1,-1
