315305,1330,20778810
271183,70,741325
285903,68,613669
288602,73,1046587
293950,72,982643
302465,66,516799
388951,44,57196
364031,61,330771
514843,50,109468
269357,71,882465
397976,56,187155
365304,66,510412
146980,99,13037079
374076,51,118861
359287,51,112843
369741,62,339776
330427,41,42686
283255,70,763476
407419,51,115218
326569,48,83017
387629,32,16633
309520,47,82407
396156,35,23757
322698,45,64567
-1,1,0
-1,-1
-1,-1
-1,-1
-1,-1
-1,-1
-1,-1
-1,-1
-1,-1
-1,-1
-1,-1
-1,-1
277534,1
-1,-1
-1,-1
-1,-1
-1,-1
-1,-1
246868,14
-1,-1
-1,-1
-1,-1
-1,-1
-1,-1
-1,-1
-1,-1
-1,-1
-1,0
-1,-1
-1,-1
-1,-1
-1,-1
-1,-1
-1,-1
-1,-1
-1,-1
-1,-1
-1,-1
-1,-1
-1,-1
-1,-1
-1,-1
-1,-1
-1,-1
-1,-1
-1,-1
-1,-1
-1,-1
-1,-1
-1,-1
-1,-1
-1,-1
-1,-1
-1,-1
-1,-1
-1,0
-1,0
-1,-1
-1,-1
-1,-1
-1,-1
-1,-1
-1,-1
-1,-1
-1,-1
114623,7
-1,-1
-1,-1
-1,-1
-1,-1
178733,50
-1,-1
-1,-1
-1,-1
-1,-1
-1,-1
-1,-1
-1,-1
-1,-1
-1,-1
-1,-1
-1,-1
-1,-1
-1,-1
-1,-1
-1,-1
-1,-1
-1,-1
118362,538
-1,-1
-1,-1
-1,-1
