310532,1330,20778810
266715,70,741325
281171,68,613669
283887,73,1046587
289188,72,982643
298089,66,516799
383006,44,57196
358671,61,330771
508142,50,109468
265209,71,882465
392898,56,187155
360611,66,510412
145580,99,13037079
368940,51,118861
354037,51,112843
364216,62,339776
325772,41,42686
279003,70,763476
401348,51,115218
321734,48,83017
382291,32,16633
304652,47,82407
391185,35,23757
318128,45,64567
-1,1,0
-1,-1
-1,-1
-1,-1
-1,-1
-1,-1
-1,-1
-1,-1
-1,-1
-1,-1
-1,-1
-1,-1
274333,1
-1,-1
-1,-1
-1,-1
-1,-1
-1,-1
242325,14
-1,-1
-1,-1
-1,-1
-1,-1
-1,-1
-1,-1
-1,-1
-1,-1
-1,0
-1,-1
-1,-1
-1,-1
-1,-1
-1,-1
-1,-1
-1,-1
-1,-1
-1,-1
-1,-1
-1,-1
-1,-1
-1,-1
-1,-1
-1,-1
-1,-1
-1,-1
-1,-1
-1,-1
-1,-1
-1,-1
-1,-1
-1,-1
-1,-1
-1,-1
-1,-1
-1,-1
-1,0
-1,0
-1,-1
-1,-1
-1,-1
-1,-1
-1,-1
-1,-1
-1,-1
-1,-1
111548,7
-1,-1
-1,-1
-1,-1
-1,-1
175266,50
-1,-1
-1,-1
-1,-1
-1,-1
-1,-1
-1,-1
-1,-1
-1,-1
-1,-1
-1,-1
-1,-1
-1,-1
-1,-1
-1,-1
-1,-1
-1,-1
-1,-1
117367,538
-1,-1
-1,-1
-1,-1
