310664,1330,20778810
266841,70,741325
281334,68,613669
284006,73,1046587
289347,72,982643
298203,66,516799
383185,44,57196
358827,61,330771
508317,50,109468
265350,71,882465
393039,56,187155
360770,66,510412
145643,99,13037079
369088,51,118861
354177,51,112843
364380,62,339776
325902,41,42686
279125,70,763476
401535,51,115218
321875,48,83017
382454,32,16633
304803,47,82407
391353,35,23757
318267,45,64567
-1,1,0
-1,-1
-1,-1
-1,-1
-1,-1
-1,-1
-1,-1
-1,-1
-1,-1
-1,-1
-1,-1
-1,-1
274437,1
-1,-1
-1,-1
-1,-1
-1,-1
-1,-1
242451,14
-1,-1
-1,-1
-1,-1
-1,-1
-1,-1
-1,-1
-1,-1
-1,-1
-1,0
-1,-1
-1,-1
-1,-1
-1,-1
-1,-1
-1,-1
-1,-1
-1,-1
-1,-1
-1,-1
-1,-1
-1,-1
-1,-1
-1,-1
-1,-1
-1,-1
-1,-1
-1,-1
-1,-1
-1,-1
-1,-1
-1,-1
-1,-1
-1,-1
-1,-1
-1,-1
-1,-1
-1,0
-1,0
-1,-1
-1,-1
-1,-1
-1,-1
-1,-1
-1,-1
-1,-1
-1,-1
111654,7
-1,-1
-1,-1
-1,-1
-1,-1
175359,50
-1,-1
-1,-1
-1,-1
-1,-1
-1,-1
-1,-1
-1,-1
-1,-1
-1,-1
-1,-1
-1,-1
-1,-1
-1,-1
-1,-1
-1,-1
-1,-1
-1,-1
117399,538
-1,-1
-1,-1
-1,-1
