310680,1330,20778810
266862,70,741325
281350,68,613669
284031,73,1046587
289365,72,982643
298220,66,516799
383199,44,57196
358846,61,330771
508325,50,109468
265365,71,882465
393047,56,187155
360778,66,510412
145645,99,13037079
369104,51,118861
354190,51,112843
364386,62,339776
325914,41,42686
279131,70,763476
401553,51,115218
321883,48,83017
382468,32,16633
304813,47,82407
391366,35,23757
318279,45,64567
-1,1,0
-1,-1
-1,-1
-1,-1
-1,-1
-1,-1
-1,-1
-1,-1
-1,-1
-1,-1
-1,-1
-1,-1
274441,1
-1,-1
-1,-1
-1,-1
-1,-1
-1,-1
242458,14
-1,-1
-1,-1
-1,-1
-1,-1
-1,-1
-1,-1
-1,-1
-1,-1
-1,0
-1,-1
-1,-1
-1,-1
-1,-1
-1,-1
-1,-1
-1,-1
-1,-1
-1,-1
-1,-1
-1,-1
-1,-1
-1,-1
-1,-1
-1,-1
-1,-1
-1,-1
-1,-1
-1,-1
-1,-1
-1,-1
-1,-1
-1,-1
-1,-1
-1,-1
-1,-1
-1,-1
-1,0
-1,0
-1,-1
-1,-1
-1,-1
-1,-1
-1,-1
-1,-1
-1,-1
-1,-1
111671,7
-1,-1
-1,-1
-1,-1
-1,-1
175363,50
-1,-1
-1,-1
-1,-1
-1,-1
-1,-1
-1,-1
-1,-1
-1,-1
-1,-1
-1,-1
-1,-1
-1,-1
-1,-1
-1,-1
-1,-1
-1,-1
-1,-1
117401,538
-1,-1
-1,-1
-1,-1
