310682,1330,20778810
266866,70,741325
281352,68,613669
284033,73,1046587
289367,72,982643
298222,66,516799
383201,44,57196
358848,61,330771
508334,50,109468
265368,71,882465
393049,56,187155
360782,66,510412
145643,99,13037079
369106,51,118861
354189,51,112843
364389,62,339776
325917,41,42686
279136,70,763476
401559,51,115218
321889,48,83017
382469,32,16633
304810,47,82407
391367,35,23757
318280,45,64567
-1,1,0
-1,-1
-1,-1
-1,-1
-1,-1
-1,-1
-1,-1
-1,-1
-1,-1
-1,-1
-1,-1
-1,-1
274441,1
-1,-1
-1,-1
-1,-1
-1,-1
-1,-1
242459,14
-1,-1
-1,-1
-1,-1
-1,-1
-1,-1
-1,-1
-1,-1
-1,-1
-1,0
-1,-1
-1,-1
-1,-1
-1,-1
-1,-1
-1,-1
-1,-1
-1,-1
-1,-1
-1,-1
-1,-1
-1,-1
-1,-1
-1,-1
-1,-1
-1,-1
-1,-1
-1,-1
-1,-1
-1,-1
-1,-1
-1,-1
-1,-1
-1,-1
-1,-1
-1,-1
-1,-1
-1,0
-1,0
-1,-1
-1,-1
-1,-1
-1,-1
-1,-1
-1,-1
-1,-1
-1,-1
111671,7
-1,-1
-1,-1
-1,-1
-1,-1
175368,50
-1,-1
-1,-1
-1,-1
-1,-1
-1,-1
-1,-1
-1,-1
-1,-1
-1,-1
-1,-1
-1,-1
-1,-1
-1,-1
-1,-1
-1,-1
-1,-1
-1,-1
117397,538
-1,-1
-1,-1
-1,-1
