310696,1330,20778810
266882,70,741325
281360,68,613669
284047,73,1046587
289368,72,982643
298228,66,516799
383218,44,57196
358851,61,330771
508364,50,109468
265376,71,882465
393053,56,187155
360788,66,510412
145643,99,13037079
369125,51,118861
354203,51,112843
364400,62,339776
325927,41,42686
279150,70,763476
401574,51,115218
321891,48,83017
382481,32,16633
304829,47,82407
391400,35,23757
318289,45,64567
-1,1,0
-1,-1
-1,-1
-1,-1
-1,-1
-1,-1
-1,-1
-1,-1
-1,-1
-1,-1
-1,-1
-1,-1
274443,1
-1,-1
-1,-1
-1,-1
-1,-1
-1,-1
242468,14
-1,-1
-1,-1
-1,-1
-1,-1
-1,-1
-1,-1
-1,-1
-1,-1
-1,0
-1,-1
-1,-1
-1,-1
-1,-1
-1,-1
-1,-1
-1,-1
-1,-1
-1,-1
-1,-1
-1,-1
-1,-1
-1,-1
-1,-1
-1,-1
-1,-1
-1,-1
-1,-1
-1,-1
-1,-1
-1,-1
-1,-1
-1,-1
-1,-1
-1,-1
-1,-1
-1,-1
-1,0
-1,0
-1,-1
-1,-1
-1,-1
-1,-1
-1,-1
-1,-1
-1,-1
-1,-1
111685,7
-1,-1
-1,-1
-1,-1
-1,-1
175376,50
-1,-1
-1,-1
-1,-1
-1,-1
-1,-1
-1,-1
-1,-1
-1,-1
-1,-1
-1,-1
-1,-1
-1,-1
-1,-1
-1,-1
-1,-1
-1,-1
-1,-1
117397,538
-1,-1
-1,-1
-1,-1
