310677,1330,20778810
266856,70,741325
281343,68,613669
284027,73,1046587
289362,72,982643
298218,66,516799
383195,44,57196
358845,61,330771
508329,50,109468
265367,71,882465
393053,56,187155
360779,66,510412
145646,99,13037079
369101,51,118861
354187,51,112843
364390,62,339776
325914,41,42686
279134,70,763476
401555,51,115218
321883,48,83017
382467,32,16633
304817,47,82407
391362,35,23757
318277,45,64567
-1,1,0
-1,-1
-1,-1
-1,-1
-1,-1
-1,-1
-1,-1
-1,-1
-1,-1
-1,-1
-1,-1
-1,-1
274440,1
-1,-1
-1,-1
-1,-1
-1,-1
-1,-1
242463,14
-1,-1
-1,-1
-1,-1
-1,-1
-1,-1
-1,-1
-1,-1
-1,-1
-1,0
-1,-1
-1,-1
-1,-1
-1,-1
-1,-1
-1,-1
-1,-1
-1,-1
-1,-1
-1,-1
-1,-1
-1,-1
-1,-1
-1,-1
-1,-1
-1,-1
-1,-1
-1,-1
-1,-1
-1,-1
-1,-1
-1,-1
-1,-1
-1,-1
-1,-1
-1,-1
-1,-1
-1,0
-1,0
-1,-1
-1,-1
-1,-1
-1,-1
-1,-1
-1,-1
-1,-1
-1,-1
111668,7
-1,-1
-1,-1
-1,-1
-1,-1
175368,50
-1,-1
-1,-1
-1,-1
-1,-1
-1,-1
-1,-1
-1,-1
-1,-1
-1,-1
-1,-1
-1,-1
-1,-1
-1,-1
-1,-1
-1,-1
-1,-1
-1,-1
117403,538
-1,-1
-1,-1
-1,-1
