310764,1330,20778810
266928,70,741325
281427,68,613669
284097,73,1046587
289425,72,982643
298282,66,516799
383284,44,57196
358915,61,330771
508450,50,109468
265420,71,882465
393108,56,187155
360851,66,510412
145655,99,13037079
369176,51,118861
354250,51,112843
364467,62,339776
325977,41,42686
279204,70,763476
401638,51,115218
321937,48,83017
382544,32,16633
304877,47,82407
391466,35,23757
318342,45,64567
-1,1,0
-1,-1
-1,-1
-1,-1
-1,-1
-1,-1
-1,-1
-1,-1
-1,-1
-1,-1
-1,-1
-1,-1
274471,1
-1,-1
-1,-1
-1,-1
-1,-1
-1,-1
242519,14
-1,-1
-1,-1
-1,-1
-1,-1
-1,-1
-1,-1
-1,-1
-1,-1
-1,0
-1,-1
-1,-1
-1,-1
-1,-1
-1,-1
-1,-1
-1,-1
-1,-1
-1,-1
-1,-1
-1,-1
-1,-1
-1,-1
-1,-1
-1,-1
-1,-1
-1,-1
-1,-1
-1,-1
-1,-1
-1,-1
-1,-1
-1,-1
-1,-1
-1,-1
-1,-1
-1,-1
-1,0
-1,0
-1,-1
-1,-1
-1,-1
-1,-1
-1,-1
-1,-1
-1,-1
-1,-1
111716,7
-1,-1
-1,-1
-1,-1
-1,-1
175412,50
-1,-1
-1,-1
-1,-1
-1,-1
-1,-1
-1,-1
-1,-1
-1,-1
-1,-1
-1,-1
-1,-1
-1,-1
-1,-1
-1,-1
-1,-1
-1,-1
-1,-1
117408,538
-1,-1
-1,-1
-1,-1
