310751,1330,20778810
266918,70,741325
281418,68,613669
284088,73,1046587
289416,72,982643
298270,66,516799
383275,44,57196
358904,61,330771
508439,50,109468
265413,71,882465
393099,56,187155
360835,66,510412
145653,99,13037079
369167,51,118861
354244,51,112843
364457,62,339776
325974,41,42686
279194,70,763476
401631,51,115218
321927,48,83017
382535,32,16633
304868,47,82407
391461,35,23757
318329,45,64567
-1,1,0
-1,-1
-1,-1
-1,-1
-1,-1
-1,-1
-1,-1
-1,-1
-1,-1
-1,-1
-1,-1
-1,-1
274468,1
-1,-1
-1,-1
-1,-1
-1,-1
-1,-1
242509,14
-1,-1
-1,-1
-1,-1
-1,-1
-1,-1
-1,-1
-1,-1
-1,-1
-1,0
-1,-1
-1,-1
-1,-1
-1,-1
-1,-1
-1,-1
-1,-1
-1,-1
-1,-1
-1,-1
-1,-1
-1,-1
-1,-1
-1,-1
-1,-1
-1,-1
-1,-1
-1,-1
-1,-1
-1,-1
-1,-1
-1,-1
-1,-1
-1,-1
-1,-1
-1,-1
-1,-1
-1,0
-1,0
-1,-1
-1,-1
-1,-1
-1,-1
-1,-1
-1,-1
-1,-1
-1,-1
111711,7
-1,-1
-1,-1
-1,-1
-1,-1
175403,50
-1,-1
-1,-1
-1,-1
-1,-1
-1,-1
-1,-1
-1,-1
-1,-1
-1,-1
-1,-1
-1,-1
-1,-1
-1,-1
-1,-1
-1,-1
-1,-1
-1,-1
117407,538
-1,-1
-1,-1
-1,-1
