310783,1330,20778810
266944,70,741325
281438,68,613669
284115,73,1046587
289438,72,982643
298293,66,516799
383298,44,57196
358935,61,330771
508468,50,109468
265441,71,882465
393130,56,187155
360867,66,510412
145659,99,13037079
369192,51,118861
354270,51,112843
364484,62,339776
325994,41,42686
279218,70,763476
401674,51,115218
321946,48,83017
382561,32,16633
304890,47,82407
391488,35,23757
318352,45,64567
-1,1,0
-1,-1
-1,-1
-1,-1
-1,-1
-1,-1
-1,-1
-1,-1
-1,-1
-1,-1
-1,-1
-1,-1
274478,1
-1,-1
-1,-1
-1,-1
-1,-1
-1,-1
242529,14
-1,-1
-1,-1
-1,-1
-1,-1
-1,-1
-1,-1
-1,-1
-1,-1
-1,0
-1,-1
-1,-1
-1,-1
-1,-1
-1,-1
-1,-1
-1,-1
-1,-1
-1,-1
-1,-1
-1,-1
-1,-1
-1,-1
-1,-1
-1,-1
-1,-1
-1,-1
-1,-1
-1,-1
-1,-1
-1,-1
-1,-1
-1,-1
-1,-1
-1,-1
-1,-1
-1,-1
-1,0
-1,0
-1,-1
-1,-1
-1,-1
-1,-1
-1,-1
-1,-1
-1,-1
-1,-1
111729,7
-1,-1
-1,-1
-1,-1
-1,-1
175419,50
-1,-1
-1,-1
-1,-1
-1,-1
-1,-1
-1,-1
-1,-1
-1,-1
-1,-1
-1,-1
-1,-1
-1,-1
-1,-1
-1,-1
-1,-1
-1,-1
-1,-1
117410,538
-1,-1
-1,-1
-1,-1
