310713,1330,20778810
266891,70,741325
281375,68,613669
284062,73,1046587
289383,72,982643
298246,66,516799
383231,44,57196
358862,61,330771
508388,50,109468
265387,71,882465
393068,56,187155
360802,66,510412
145648,99,13037079
369135,51,118861
354217,51,112843
364416,62,339776
325939,41,42686
279163,70,763476
401588,51,115218
321899,48,83017
382494,32,16633
304838,47,82407
391424,35,23757
318302,45,64567
-1,1,0
-1,-1
-1,-1
-1,-1
-1,-1
-1,-1
-1,-1
-1,-1
-1,-1
-1,-1
-1,-1
-1,-1
274452,1
-1,-1
-1,-1
-1,-1
-1,-1
-1,-1
242477,14
-1,-1
-1,-1
-1,-1
-1,-1
-1,-1
-1,-1
-1,-1
-1,-1
-1,0
-1,-1
-1,-1
-1,-1
-1,-1
-1,-1
-1,-1
-1,-1
-1,-1
-1,-1
-1,-1
-1,-1
-1,-1
-1,-1
-1,-1
-1,-1
-1,-1
-1,-1
-1,-1
-1,-1
-1,-1
-1,-1
-1,-1
-1,-1
-1,-1
-1,-1
-1,-1
-1,-1
-1,0
-1,0
-1,-1
-1,-1
-1,-1
-1,-1
-1,-1
-1,-1
-1,-1
-1,-1
111692,7
-1,-1
-1,-1
-1,-1
-1,-1
175383,50
-1,-1
-1,-1
-1,-1
-1,-1
-1,-1
-1,-1
-1,-1
-1,-1
-1,-1
-1,-1
-1,-1
-1,-1
-1,-1
-1,-1
-1,-1
-1,-1
-1,-1
117404,538
-1,-1
-1,-1
-1,-1
