310672,1330,20778810
266852,70,741325
281341,68,613669
284021,73,1046587
289360,72,982643
298214,66,516799
383189,44,57196
358842,61,330771
508326,50,109468
265364,71,882465
393051,56,187155
360777,66,510412
145646,99,13037079
369098,51,118861
354186,51,112843
364385,62,339776
325911,41,42686
279132,70,763476
401549,51,115218
321881,48,83017
382463,32,16633
304814,47,82407
391359,35,23757
318274,45,64567
-1,1,0
-1,-1
-1,-1
-1,-1
-1,-1
-1,-1
-1,-1
-1,-1
-1,-1
-1,-1
-1,-1
-1,-1
274440,1
-1,-1
-1,-1
-1,-1
-1,-1
-1,-1
242461,14
-1,-1
-1,-1
-1,-1
-1,-1
-1,-1
-1,-1
-1,-1
-1,-1
-1,0
-1,-1
-1,-1
-1,-1
-1,-1
-1,-1
-1,-1
-1,-1
-1,-1
-1,-1
-1,-1
-1,-1
-1,-1
-1,-1
-1,-1
-1,-1
-1,-1
-1,-1
-1,-1
-1,-1
-1,-1
-1,-1
-1,-1
-1,-1
-1,-1
-1,-1
-1,-1
-1,-1
-1,0
-1,0
-1,-1
-1,-1
-1,-1
-1,-1
-1,-1
-1,-1
-1,-1
-1,-1
111666,7
-1,-1
-1,-1
-1,-1
-1,-1
175365,50
-1,-1
-1,-1
-1,-1
-1,-1
-1,-1
-1,-1
-1,-1
-1,-1
-1,-1
-1,-1
-1,-1
-1,-1
-1,-1
-1,-1
-1,-1
-1,-1
-1,-1
117402,538
-1,-1
-1,-1
-1,-1
