310701,1330,20778810
266887,70,741325
281370,68,613669
284054,73,1046587
289377,72,982643
298235,66,516799
383225,44,57196
358856,61,330771
508378,50,109468
265379,71,882465
393060,56,187155
360795,66,510412
145643,99,13037079
369130,51,118861
354209,51,112843
364409,62,339776
325934,41,42686
279153,70,763476
401583,51,115218
321895,48,83017
382490,32,16633
304835,47,82407
391414,35,23757
318299,45,64567
-1,1,0
-1,-1
-1,-1
-1,-1
-1,-1
-1,-1
-1,-1
-1,-1
-1,-1
-1,-1
-1,-1
-1,-1
274449,1
-1,-1
-1,-1
-1,-1
-1,-1
-1,-1
242473,14
-1,-1
-1,-1
-1,-1
-1,-1
-1,-1
-1,-1
-1,-1
-1,-1
-1,0
-1,-1
-1,-1
-1,-1
-1,-1
-1,-1
-1,-1
-1,-1
-1,-1
-1,-1
-1,-1
-1,-1
-1,-1
-1,-1
-1,-1
-1,-1
-1,-1
-1,-1
-1,-1
-1,-1
-1,-1
-1,-1
-1,-1
-1,-1
-1,-1
-1,-1
-1,-1
-1,-1
-1,0
-1,0
-1,-1
-1,-1
-1,-1
-1,-1
-1,-1
-1,-1
-1,-1
-1,-1
111687,7
-1,-1
-1,-1
-1,-1
-1,-1
175379,50
-1,-1
-1,-1
-1,-1
-1,-1
-1,-1
-1,-1
-1,-1
-1,-1
-1,-1
-1,-1
-1,-1
-1,-1
-1,-1
-1,-1
-1,-1
-1,-1
-1,-1
117403,538
-1,-1
-1,-1
-1,-1
