315322,1330,20778810
271204,70,741325
285927,68,613669
288627,73,1046587
293981,72,982643
302485,66,516799
388972,44,57196
364050,61,330771
514876,50,109468
269372,71,882465
397990,56,187155
365329,66,510412
146988,99,13037079
374094,51,118861
359308,51,112843
369765,62,339776
330445,41,42686
283281,70,763476
407440,51,115218
326599,48,83017
387651,32,16633
309539,47,82407
396172,35,23757
322724,45,64567
-1,1,0
-1,-1
-1,-1
-1,-1
-1,-1
-1,-1
-1,-1
-1,-1
-1,-1
-1,-1
-1,-1
-1,-1
277545,1
-1,-1
-1,-1
-1,-1
-1,-1
-1,-1
246885,14
-1,-1
-1,-1
-1,-1
-1,-1
-1,-1
-1,-1
-1,-1
-1,-1
-1,0
-1,-1
-1,-1
-1,-1
-1,-1
-1,-1
-1,-1
-1,-1
-1,-1
-1,-1
-1,-1
-1,-1
-1,-1
-1,-1
-1,-1
-1,-1
-1,-1
-1,-1
-1,-1
-1,-1
-1,-1
-1,-1
-1,-1
-1,-1
-1,-1
-1,-1
-1,-1
-1,-1
-1,0
-1,0
-1,-1
-1,-1
-1,-1
-1,-1
-1,-1
-1,-1
-1,-1
-1,-1
114629,7
-1,-1
-1,-1
-1,-1
-1,-1
178753,50
-1,-1
-1,-1
-1,-1
-1,-1
-1,-1
-1,-1
-1,-1
-1,-1
-1,-1
-1,-1
-1,-1
-1,-1
-1,-1
-1,-1
-1,-1
-1,-1
-1,-1
118366,538
-1,-1
-1,-1
-1,-1
