310655,1330,20778810
266830,70,741325
281317,68,613669
283999,73,1046587
289330,72,982643
298195,66,516799
383175,44,57196
358812,61,330771
508301,50,109468
265341,71,882465
393032,56,187155
360760,66,510412
145633,99,13037079
369078,51,118861
354163,51,112843
364364,62,339776
325891,41,42686
279114,70,763476
401519,51,115218
321865,48,83017
382443,32,16633
304794,47,82407
391339,35,23757
318257,45,64567
-1,1,0
-1,-1
-1,-1
-1,-1
-1,-1
-1,-1
-1,-1
-1,-1
-1,-1
-1,-1
-1,-1
-1,-1
274429,1
-1,-1
-1,-1
-1,-1
-1,-1
-1,-1
242441,14
-1,-1
-1,-1
-1,-1
-1,-1
-1,-1
-1,-1
-1,-1
-1,-1
-1,0
-1,-1
-1,-1
-1,-1
-1,-1
-1,-1
-1,-1
-1,-1
-1,-1
-1,-1
-1,-1
-1,-1
-1,-1
-1,-1
-1,-1
-1,-1
-1,-1
-1,-1
-1,-1
-1,-1
-1,-1
-1,-1
-1,-1
-1,-1
-1,-1
-1,-1
-1,-1
-1,-1
-1,0
-1,0
-1,-1
-1,-1
-1,-1
-1,-1
-1,-1
-1,-1
-1,-1
-1,-1
111642,7
-1,-1
-1,-1
-1,-1
-1,-1
175353,50
-1,-1
-1,-1
-1,-1
-1,-1
-1,-1
-1,-1
-1,-1
-1,-1
-1,-1
-1,-1
-1,-1
-1,-1
-1,-1
-1,-1
-1,-1
-1,-1
-1,-1
117395,538
-1,-1
-1,-1
-1,-1
