310735,1330,20778810
266911,70,741325
281409,68,613669
284081,73,1046587
289405,72,982643
298268,66,516799
383258,44,57196
358897,61,330771
508426,50,109468
265405,71,882465
393088,56,187155
360825,66,510412
145651,99,13037079
369160,51,118861
354238,51,112843
364445,62,339776
325964,41,42686
279185,70,763476
401618,51,115218
321919,48,83017
382524,32,16633
304861,47,82407
391451,35,23757
318325,45,64567
-1,1,0
-1,-1
-1,-1
-1,-1
-1,-1
-1,-1
-1,-1
-1,-1
-1,-1
-1,-1
-1,-1
-1,-1
274459,1
-1,-1
-1,-1
-1,-1
-1,-1
-1,-1
242499,14
-1,-1
-1,-1
-1,-1
-1,-1
-1,-1
-1,-1
-1,-1
-1,-1
-1,0
-1,-1
-1,-1
-1,-1
-1,-1
-1,-1
-1,-1
-1,-1
-1,-1
-1,-1
-1,-1
-1,-1
-1,-1
-1,-1
-1,-1
-1,-1
-1,-1
-1,-1
-1,-1
-1,-1
-1,-1
-1,-1
-1,-1
-1,-1
-1,-1
-1,-1
-1,-1
-1,-1
-1,0
-1,0
-1,-1
-1,-1
-1,-1
-1,-1
-1,-1
-1,-1
-1,-1
-1,-1
111706,7
-1,-1
-1,-1
-1,-1
-1,-1
175400,50
-1,-1
-1,-1
-1,-1
-1,-1
-1,-1
-1,-1
-1,-1
-1,-1
-1,-1
-1,-1
-1,-1
-1,-1
-1,-1
-1,-1
-1,-1
-1,-1
-1,-1
117407,538
-1,-1
-1,-1
-1,-1
