310859,1330,20778810
267009,70,741325
281501,68,613669
284187,73,1046587
289516,72,982643
298366,66,516799
383395,44,57196
359029,61,330771
508586,50,109468
265516,71,882465
393210,56,187155
360937,66,510412
145682,99,13037079
369273,51,118861
354348,51,112843
364570,62,339776
326070,41,42686
279281,70,763476
401773,51,115218
322028,48,83017
382659,32,16633
304977,47,82407
391603,35,23757
318412,45,64567
-1,1,0
-1,-1
-1,-1
-1,-1
-1,-1
-1,-1
-1,-1
-1,-1
-1,-1
-1,-1
-1,-1
-1,-1
274522,1
-1,-1
-1,-1
-1,-1
-1,-1
-1,-1
242603,14
-1,-1
-1,-1
-1,-1
-1,-1
-1,-1
-1,-1
-1,-1
-1,-1
-1,0
-1,-1
-1,-1
-1,-1
-1,-1
-1,-1
-1,-1
-1,-1
-1,-1
-1,-1
-1,-1
-1,-1
-1,-1
-1,-1
-1,-1
-1,-1
-1,-1
-1,-1
-1,-1
-1,-1
-1,-1
-1,-1
-1,-1
-1,-1
-1,-1
-1,-1
-1,-1
-1,-1
-1,0
-1,0
-1,-1
-1,-1
-1,-1
-1,-1
-1,-1
-1,-1
-1,-1
-1,-1
111779,7
-1,-1
-1,-1
-1,-1
-1,-1
175487,50
-1,-1
-1,-1
-1,-1
-1,-1
-1,-1
-1,-1
-1,-1
-1,-1
-1,-1
-1,-1
-1,-1
-1,-1
-1,-1
-1,-1
-1,-1
-1,-1
-1,-1
117413,538
-1,-1
-1,-1
-1,-1
