310917,1330,20778810
267078,70,741325
281577,68,613669
284248,73,1046587
289591,72,982643
298434,66,516799
383484,44,57196
359115,61,330771
508700,50,109468
265582,71,882465
393281,56,187155
361013,66,510412
145697,99,13037079
369349,51,118861
354421,51,112843
364667,62,339776
326140,41,42686
279340,70,763476
401869,51,115218
322097,48,83017
382741,32,16633
305047,47,82407
391669,35,23757
318471,45,64567
-1,1,0
-1,-1
-1,-1
-1,-1
-1,-1
-1,-1
-1,-1
-1,-1
-1,-1
-1,-1
-1,-1
-1,-1
274571,1
-1,-1
-1,-1
-1,-1
-1,-1
-1,-1
242668,14
-1,-1
-1,-1
-1,-1
-1,-1
-1,-1
-1,-1
-1,-1
-1,-1
-1,0
-1,-1
-1,-1
-1,-1
-1,-1
-1,-1
-1,-1
-1,-1
-1,-1
-1,-1
-1,-1
-1,-1
-1,-1
-1,-1
-1,-1
-1,-1
-1,-1
-1,-1
-1,-1
-1,-1
-1,-1
-1,-1
-1,-1
-1,-1
-1,-1
-1,-1
-1,-1
-1,-1
-1,0
-1,0
-1,-1
-1,-1
-1,-1
-1,-1
-1,-1
-1,-1
-1,-1
-1,-1
111807,7
-1,-1
-1,-1
-1,-1
-1,-1
175540,50
-1,-1
-1,-1
-1,-1
-1,-1
-1,-1
-1,-1
-1,-1
-1,-1
-1,-1
-1,-1
-1,-1
-1,-1
-1,-1
-1,-1
-1,-1
-1,-1
-1,-1
117420,538
-1,-1
-1,-1
-1,-1
