310903,1330,20778810
267069,70,741325
281565,68,613669
284243,73,1046587
289582,72,982643
298413,66,516799
383461,44,57196
359099,61,330771
508680,50,109468
265563,71,882465
393267,56,187155
360997,66,510412
145694,99,13037079
369329,51,118861
354405,51,112843
364647,62,339776
326120,41,42686
279323,70,763476
401848,51,115218
322080,48,83017
382723,32,16633
305034,47,82407
391661,35,23757
318457,45,64567
-1,1,0
-1,-1
-1,-1
-1,-1
-1,-1
-1,-1
-1,-1
-1,-1
-1,-1
-1,-1
-1,-1
-1,-1
274561,1
-1,-1
-1,-1
-1,-1
-1,-1
-1,-1
242658,14
-1,-1
-1,-1
-1,-1
-1,-1
-1,-1
-1,-1
-1,-1
-1,-1
-1,0
-1,-1
-1,-1
-1,-1
-1,-1
-1,-1
-1,-1
-1,-1
-1,-1
-1,-1
-1,-1
-1,-1
-1,-1
-1,-1
-1,-1
-1,-1
-1,-1
-1,-1
-1,-1
-1,-1
-1,-1
-1,-1
-1,-1
-1,-1
-1,-1
-1,-1
-1,-1
-1,-1
-1,0
-1,0
-1,-1
-1,-1
-1,-1
-1,-1
-1,-1
-1,-1
-1,-1
-1,-1
111800,7
-1,-1
-1,-1
-1,-1
-1,-1
175528,50
-1,-1
-1,-1
-1,-1
-1,-1
-1,-1
-1,-1
-1,-1
-1,-1
-1,-1
-1,-1
-1,-1
-1,-1
-1,-1
-1,-1
-1,-1
-1,-1
-1,-1
117419,538
-1,-1
-1,-1
-1,-1
