310855,1330,20778810
267006,70,741325
281499,68,613669
284187,73,1046587
289514,72,982643
298365,66,516799
383393,44,57196
359025,61,330771
508577,50,109468
265514,71,882465
393214,56,187155
360939,66,510412
145678,99,13037079
369273,51,118861
354348,51,112843
364570,62,339776
326066,41,42686
279284,70,763476
401774,51,115218
322024,48,83017
382657,32,16633
304976,47,82407
391604,35,23757
318412,45,64567
-1,1,0
-1,-1
-1,-1
-1,-1
-1,-1
-1,-1
-1,-1
-1,-1
-1,-1
-1,-1
-1,-1
-1,-1
274521,1
-1,-1
-1,-1
-1,-1
-1,-1
-1,-1
242599,14
-1,-1
-1,-1
-1,-1
-1,-1
-1,-1
-1,-1
-1,-1
-1,-1
-1,0
-1,-1
-1,-1
-1,-1
-1,-1
-1,-1
-1,-1
-1,-1
-1,-1
-1,-1
-1,-1
-1,-1
-1,-1
-1,-1
-1,-1
-1,-1
-1,-1
-1,-1
-1,-1
-1,-1
-1,-1
-1,-1
-1,-1
-1,-1
-1,-1
-1,-1
-1,-1
-1,-1
-1,0
-1,0
-1,-1
-1,-1
-1,-1
-1,-1
-1,-1
-1,-1
-1,-1
-1,-1
111778,7
-1,-1
-1,-1
-1,-1
-1,-1
175488,50
-1,-1
-1,-1
-1,-1
-1,-1
-1,-1
-1,-1
-1,-1
-1,-1
-1,-1
-1,-1
-1,-1
-1,-1
-1,-1
-1,-1
-1,-1
-1,-1
-1,-1
117418,538
-1,-1
-1,-1
-1,-1
