310799,1330,20778810
266952,70,741325
281457,68,613669
284127,73,1046587
289448,72,982643
298307,66,516799
383313,44,57196
358946,61,330771
508488,50,109468
265456,71,882465
393147,56,187155
360884,66,510412
145665,99,13037079
369203,51,118861
354283,51,112843
364506,62,339776
326012,41,42686
279230,70,763476
401690,51,115218
321962,48,83017
382581,32,16633
304908,47,82407
391509,35,23757
318370,45,64567
-1,1,0
-1,-1
-1,-1
-1,-1
-1,-1
-1,-1
-1,-1
-1,-1
-1,-1
-1,-1
-1,-1
-1,-1
274487,1
-1,-1
-1,-1
-1,-1
-1,-1
-1,-1
242539,14
-1,-1
-1,-1
-1,-1
-1,-1
-1,-1
-1,-1
-1,-1
-1,-1
-1,0
-1,-1
-1,-1
-1,-1
-1,-1
-1,-1
-1,-1
-1,-1
-1,-1
-1,-1
-1,-1
-1,-1
-1,-1
-1,-1
-1,-1
-1,-1
-1,-1
-1,-1
-1,-1
-1,-1
-1,-1
-1,-1
-1,-1
-1,-1
-1,-1
-1,-1
-1,-1
-1,-1
-1,0
-1,0
-1,-1
-1,-1
-1,-1
-1,-1
-1,-1
-1,-1
-1,-1
-1,-1
111737,7
-1,-1
-1,-1
-1,-1
-1,-1
175431,50
-1,-1
-1,-1
-1,-1
-1,-1
-1,-1
-1,-1
-1,-1
-1,-1
-1,-1
-1,-1
-1,-1
-1,-1
-1,-1
-1,-1
-1,-1
-1,-1
-1,-1
117412,538
-1,-1
-1,-1
-1,-1
