310845,1330,20778810
266993,70,741325
281492,68,613669
284181,73,1046587
289502,72,982643
298358,66,516799
383383,44,57196
359017,61,330771
508560,50,109468
265506,71,882465
393207,56,187155
360922,66,510412
145676,99,13037079
369261,51,118861
354338,51,112843
364554,62,339776
326060,41,42686
279273,70,763476
401760,51,115218
322016,48,83017
382646,32,16633
304964,47,82407
391593,35,23757
318406,45,64567
-1,1,0
-1,-1
-1,-1
-1,-1
-1,-1
-1,-1
-1,-1
-1,-1
-1,-1
-1,-1
-1,-1
-1,-1
274516,1
-1,-1
-1,-1
-1,-1
-1,-1
-1,-1
242584,14
-1,-1
-1,-1
-1,-1
-1,-1
-1,-1
-1,-1
-1,-1
-1,-1
-1,0
-1,-1
-1,-1
-1,-1
-1,-1
-1,-1
-1,-1
-1,-1
-1,-1
-1,-1
-1,-1
-1,-1
-1,-1
-1,-1
-1,-1
-1,-1
-1,-1
-1,-1
-1,-1
-1,-1
-1,-1
-1,-1
-1,-1
-1,-1
-1,-1
-1,-1
-1,-1
-1,-1
-1,0
-1,0
-1,-1
-1,-1
-1,-1
-1,-1
-1,-1
-1,-1
-1,-1
-1,-1
111770,7
-1,-1
-1,-1
-1,-1
-1,-1
175476,50
-1,-1
-1,-1
-1,-1
-1,-1
-1,-1
-1,-1
-1,-1
-1,-1
-1,-1
-1,-1
-1,-1
-1,-1
-1,-1
-1,-1
-1,-1
-1,-1
-1,-1
117419,538
-1,-1
-1,-1
-1,-1
