315505,1330,20778810
271407,70,741325
286133,68,613669
288839,73,1046587
294168,72,982643
302662,66,516799
389215,44,57196
364281,61,330771
515093,50,109468
269550,71,882465
398199,56,187155
365504,66,510412
147066,99,13037079
374312,51,118861
359534,51,112843
370018,62,339776
330613,41,42686
283469,70,763476
407652,51,115218
326795,48,83017
387864,32,16633
309735,47,82407
396341,35,23757
322942,45,64567
-1,1,0
-1,-1
-1,-1
-1,-1
-1,-1
-1,-1
-1,-1
-1,-1
-1,-1
-1,-1
-1,-1
-1,-1
277700,1
-1,-1
-1,-1
-1,-1
-1,-1
-1,-1
247060,14
-1,-1
-1,-1
-1,-1
-1,-1
-1,-1
-1,-1
-1,-1
-1,-1
-1,0
-1,-1
-1,-1
-1,-1
-1,-1
-1,-1
-1,-1
-1,-1
-1,-1
-1,-1
-1,-1
-1,-1
-1,-1
-1,-1
-1,-1
-1,-1
-1,-1
-1,-1
-1,-1
-1,-1
-1,-1
-1,-1
-1,-1
-1,-1
-1,-1
-1,-1
-1,-1
-1,-1
-1,0
-1,0
-1,-1
-1,-1
-1,-1
-1,-1
-1,-1
-1,-1
-1,-1
-1,-1
114772,7
-1,-1
-1,-1
-1,-1
-1,-1
178864,50
-1,-1
-1,-1
-1,-1
-1,-1
-1,-1
-1,-1
-1,-1
-1,-1
-1,-1
-1,-1
-1,-1
-1,-1
-1,-1
-1,-1
-1,-1
-1,-1
-1,-1
118406,538
-1,-1
-1,-1
-1,-1
