310849,1330,20778810
266998,70,741325
281496,68,613669
284184,73,1046587
289508,72,982643
298362,66,516799
383385,44,57196
359024,61,330771
508571,50,109468
265510,71,882465
393210,56,187155
360932,66,510412
145676,99,13037079
369266,51,118861
354345,51,112843
364564,62,339776
326064,41,42686
279280,70,763476
401767,51,115218
322019,48,83017
382651,32,16633
304969,47,82407
391600,35,23757
318411,45,64567
-1,1,0
-1,-1
-1,-1
-1,-1
-1,-1
-1,-1
-1,-1
-1,-1
-1,-1
-1,-1
-1,-1
-1,-1
274519,1
-1,-1
-1,-1
-1,-1
-1,-1
-1,-1
242592,14
-1,-1
-1,-1
-1,-1
-1,-1
-1,-1
-1,-1
-1,-1
-1,-1
-1,0
-1,-1
-1,-1
-1,-1
-1,-1
-1,-1
-1,-1
-1,-1
-1,-1
-1,-1
-1,-1
-1,-1
-1,-1
-1,-1
-1,-1
-1,-1
-1,-1
-1,-1
-1,-1
-1,-1
-1,-1
-1,-1
-1,-1
-1,-1
-1,-1
-1,-1
-1,-1
-1,-1
-1,0
-1,0
-1,-1
-1,-1
-1,-1
-1,-1
-1,-1
-1,-1
-1,-1
-1,-1
111776,7
-1,-1
-1,-1
-1,-1
-1,-1
175481,50
-1,-1
-1,-1
-1,-1
-1,-1
-1,-1
-1,-1
-1,-1
-1,-1
-1,-1
-1,-1
-1,-1
-1,-1
-1,-1
-1,-1
-1,-1
-1,-1
-1,-1
117418,538
-1,-1
-1,-1
-1,-1
