310875,1330,20778810
267033,70,741325
281528,68,613669
284204,73,1046587
289539,72,982643
298384,66,516799
383420,44,57196
359057,61,330771
508611,50,109468
265529,71,882465
393236,56,187155
360956,66,510412
145686,99,13037079
369290,51,118861
354366,51,112843
364600,62,339776
326082,41,42686
279296,70,763476
401801,51,115218
322049,48,83017
382682,32,16633
305001,47,82407
391623,35,23757
318426,45,64567
-1,1,0
-1,-1
-1,-1
-1,-1
-1,-1
-1,-1
-1,-1
-1,-1
-1,-1
-1,-1
-1,-1
-1,-1
274532,1
-1,-1
-1,-1
-1,-1
-1,-1
-1,-1
242621,14
-1,-1
-1,-1
-1,-1
-1,-1
-1,-1
-1,-1
-1,-1
-1,-1
-1,0
-1,-1
-1,-1
-1,-1
-1,-1
-1,-1
-1,-1
-1,-1
-1,-1
-1,-1
-1,-1
-1,-1
-1,-1
-1,-1
-1,-1
-1,-1
-1,-1
-1,-1
-1,-1
-1,-1
-1,-1
-1,-1
-1,-1
-1,-1
-1,-1
-1,-1
-1,-1
-1,-1
-1,0
-1,0
-1,-1
-1,-1
-1,-1
-1,-1
-1,-1
-1,-1
-1,-1
-1,-1
111784,7
-1,-1
-1,-1
-1,-1
-1,-1
175500,50
-1,-1
-1,-1
-1,-1
-1,-1
-1,-1
-1,-1
-1,-1
-1,-1
-1,-1
-1,-1
-1,-1
-1,-1
-1,-1
-1,-1
-1,-1
-1,-1
-1,-1
117415,538
-1,-1
-1,-1
-1,-1
