315573,1330,20778810
271480,70,741325
286173,68,613669
288910,73,1046587
294223,72,982643
302712,66,516799
389286,44,57196
364342,61,330771
515179,50,109468
269599,71,882465
398273,56,187155
365565,66,510412
147094,99,13037079
374386,51,118861
359618,51,112843
370086,62,339776
330686,41,42686
283525,70,763476
407734,51,115218
326870,48,83017
387945,32,16633
309787,47,82407
396399,35,23757
322987,45,64567
-1,1,0
-1,-1
-1,-1
-1,-1
-1,-1
-1,-1
-1,-1
-1,-1
-1,-1
-1,-1
-1,-1
-1,-1
277747,1
-1,-1
-1,-1
-1,-1
-1,-1
-1,-1
247135,14
-1,-1
-1,-1
-1,-1
-1,-1
-1,-1
-1,-1
-1,-1
-1,-1
-1,0
-1,-1
-1,-1
-1,-1
-1,-1
-1,-1
-1,-1
-1,-1
-1,-1
-1,-1
-1,-1
-1,-1
-1,-1
-1,-1
-1,-1
-1,-1
-1,-1
-1,-1
-1,-1
-1,-1
-1,-1
-1,-1
-1,-1
-1,-1
-1,-1
-1,-1
-1,-1
-1,-1
-1,0
-1,0
-1,-1
-1,-1
-1,-1
-1,-1
-1,-1
-1,-1
-1,-1
-1,-1
114822,7
-1,-1
-1,-1
-1,-1
-1,-1
178908,50
-1,-1
-1,-1
-1,-1
-1,-1
-1,-1
-1,-1
-1,-1
-1,-1
-1,-1
-1,-1
-1,-1
-1,-1
-1,-1
-1,-1
-1,-1
-1,-1
-1,-1
118424,538
-1,-1
-1,-1
-1,-1
