310899,1330,20778810
267060,70,741325
281557,68,613669
284234,73,1046587
289576,72,982643
298405,66,516799
383445,44,57196
359090,61,330771
508666,50,109468
265555,71,882465
393263,56,187155
360989,66,510412
145692,99,13037079
369319,51,118861
354393,51,112843
364636,62,339776
326112,41,42686
279317,70,763476
401833,51,115218
322072,48,83017
382711,32,16633
305025,47,82407
391651,35,23757
318450,45,64567
-1,1,0
-1,-1
-1,-1
-1,-1
-1,-1
-1,-1
-1,-1
-1,-1
-1,-1
-1,-1
-1,-1
-1,-1
274548,1
-1,-1
-1,-1
-1,-1
-1,-1
-1,-1
242649,14
-1,-1
-1,-1
-1,-1
-1,-1
-1,-1
-1,-1
-1,-1
-1,-1
-1,0
-1,-1
-1,-1
-1,-1
-1,-1
-1,-1
-1,-1
-1,-1
-1,-1
-1,-1
-1,-1
-1,-1
-1,-1
-1,-1
-1,-1
-1,-1
-1,-1
-1,-1
-1,-1
-1,-1
-1,-1
-1,-1
-1,-1
-1,-1
-1,-1
-1,-1
-1,-1
-1,-1
-1,0
-1,0
-1,-1
-1,-1
-1,-1
-1,-1
-1,-1
-1,-1
-1,-1
-1,-1
111795,7
-1,-1
-1,-1
-1,-1
-1,-1
175520,50
-1,-1
-1,-1
-1,-1
-1,-1
-1,-1
-1,-1
-1,-1
-1,-1
-1,-1
-1,-1
-1,-1
-1,-1
-1,-1
-1,-1
-1,-1
-1,-1
-1,-1
117419,538
-1,-1
-1,-1
-1,-1
