310832,1330,20778810
266984,70,741325
281480,68,613669
284162,73,1046587
289489,72,982643
298340,66,516799
383366,44,57196
358997,61,330771
508539,50,109468
265492,71,882465
393194,56,187155
360908,66,510412
145678,99,13037079
369242,51,118861
354323,51,112843
364540,62,339776
326045,41,42686
279267,70,763476
401735,51,115218
322003,48,83017
382629,32,16633
304952,47,82407
391568,35,23757
318396,45,64567
-1,1,0
-1,-1
-1,-1
-1,-1
-1,-1
-1,-1
-1,-1
-1,-1
-1,-1
-1,-1
-1,-1
-1,-1
274509,1
-1,-1
-1,-1
-1,-1
-1,-1
-1,-1
242577,14
-1,-1
-1,-1
-1,-1
-1,-1
-1,-1
-1,-1
-1,-1
-1,-1
-1,0
-1,-1
-1,-1
-1,-1
-1,-1
-1,-1
-1,-1
-1,-1
-1,-1
-1,-1
-1,-1
-1,-1
-1,-1
-1,-1
-1,-1
-1,-1
-1,-1
-1,-1
-1,-1
-1,-1
-1,-1
-1,-1
-1,-1
-1,-1
-1,-1
-1,-1
-1,-1
-1,-1
-1,0
-1,0
-1,-1
-1,-1
-1,-1
-1,-1
-1,-1
-1,-1
-1,-1
-1,-1
111763,7
-1,-1
-1,-1
-1,-1
-1,-1
175468,50
-1,-1
-1,-1
-1,-1
-1,-1
-1,-1
-1,-1
-1,-1
-1,-1
-1,-1
-1,-1
-1,-1
-1,-1
-1,-1
-1,-1
-1,-1
-1,-1
-1,-1
117419,538
-1,-1
-1,-1
-1,-1
