311022,1330,20778810
267155,70,741325
281655,68,613669
284360,73,1046587
289686,72,982643
298512,66,516799
383608,44,57196
359209,61,330771
508838,50,109468
265668,71,882465
393377,56,187155
361116,66,510412
145718,99,13037079
369441,51,118861
354518,51,112843
364795,62,339776
326220,41,42686
279424,70,763476
402007,51,115218
322187,48,83017
382850,32,16633
305128,47,82407
391762,35,23757
318570,45,64567
-1,1,0
-1,-1
-1,-1
-1,-1
-1,-1
-1,-1
-1,-1
-1,-1
-1,-1
-1,-1
-1,-1
-1,-1
274635,1
-1,-1
-1,-1
-1,-1
-1,-1
-1,-1
242760,14
-1,-1
-1,-1
-1,-1
-1,-1
-1,-1
-1,-1
-1,-1
-1,-1
-1,0
-1,-1
-1,-1
-1,-1
-1,-1
-1,-1
-1,-1
-1,-1
-1,-1
-1,-1
-1,-1
-1,-1
-1,-1
-1,-1
-1,-1
-1,-1
-1,-1
-1,-1
-1,-1
-1,-1
-1,-1
-1,-1
-1,-1
-1,-1
-1,-1
-1,-1
-1,-1
-1,-1
-1,0
-1,0
-1,-1
-1,-1
-1,-1
-1,-1
-1,-1
-1,-1
-1,-1
-1,-1
111860,7
-1,-1
-1,-1
-1,-1
-1,-1
175612,50
-1,-1
-1,-1
-1,-1
-1,-1
-1,-1
-1,-1
-1,-1
-1,-1
-1,-1
-1,-1
-1,-1
-1,-1
-1,-1
-1,-1
-1,-1
-1,-1
-1,-1
117443,538
-1,-1
-1,-1
-1,-1
