315696,1330,20778810
271582,70,741325
286310,68,613669
289035,73,1046587
294344,72,982643
302817,66,516799
389427,44,57196
364500,61,330771
515330,50,109468
269697,71,882465
398411,56,187155
365681,66,510412
147133,99,13037079
374513,51,118861
359746,51,112843
370232,62,339776
330834,41,42686
283648,70,763476
407880,51,115218
327007,48,83017
388080,32,16633
309914,47,82407
396542,35,23757
323111,45,64567
-1,1,0
-1,-1
-1,-1
-1,-1
-1,-1
-1,-1
-1,-1
-1,-1
-1,-1
-1,-1
-1,-1
-1,-1
277831,1
-1,-1
-1,-1
-1,-1
-1,-1
-1,-1
247245,14
-1,-1
-1,-1
-1,-1
-1,-1
-1,-1
-1,-1
-1,-1
-1,-1
-1,0
-1,-1
-1,-1
-1,-1
-1,-1
-1,-1
-1,-1
-1,-1
-1,-1
-1,-1
-1,-1
-1,-1
-1,-1
-1,-1
-1,-1
-1,-1
-1,-1
-1,-1
-1,-1
-1,-1
-1,-1
-1,-1
-1,-1
-1,-1
-1,-1
-1,-1
-1,-1
-1,-1
-1,0
-1,0
-1,-1
-1,-1
-1,-1
-1,-1
-1,-1
-1,-1
-1,-1
-1,-1
114901,7
-1,-1
-1,-1
-1,-1
-1,-1
178997,50
-1,-1
-1,-1
-1,-1
-1,-1
-1,-1
-1,-1
-1,-1
-1,-1
-1,-1
-1,-1
-1,-1
-1,-1
-1,-1
-1,-1
-1,-1
-1,-1
-1,-1
118453,538
-1,-1
-1,-1
-1,-1
