311033,1330,20778810
267175,70,741325
281679,68,613669
284393,73,1046587
289709,72,982643
298533,66,516799
383637,44,57196
359243,61,330771
508867,50,109468
265690,71,882465
393396,56,187155
361138,66,510412
145727,99,13037079
369468,51,118861
354538,51,112843
364831,62,339776
326241,41,42686
279438,70,763476
402033,51,115218
322204,48,83017
382874,32,16633
305149,47,82407
391790,35,23757
318592,45,64567
-1,1,0
-1,-1
-1,-1
-1,-1
-1,-1
-1,-1
-1,-1
-1,-1
-1,-1
-1,-1
-1,-1
-1,-1
274645,1
-1,-1
-1,-1
-1,-1
-1,-1
-1,-1
242780,14
-1,-1
-1,-1
-1,-1
-1,-1
-1,-1
-1,-1
-1,-1
-1,-1
-1,0
-1,-1
-1,-1
-1,-1
-1,-1
-1,-1
-1,-1
-1,-1
-1,-1
-1,-1
-1,-1
-1,-1
-1,-1
-1,-1
-1,-1
-1,-1
-1,-1
-1,-1
-1,-1
-1,-1
-1,-1
-1,-1
-1,-1
-1,-1
-1,-1
-1,-1
-1,-1
-1,-1
-1,0
-1,0
-1,-1
-1,-1
-1,-1
-1,-1
-1,-1
-1,-1
-1,-1
-1,-1
111872,7
-1,-1
-1,-1
-1,-1
-1,-1
175634,50
-1,-1
-1,-1
-1,-1
-1,-1
-1,-1
-1,-1
-1,-1
-1,-1
-1,-1
-1,-1
-1,-1
-1,-1
-1,-1
-1,-1
-1,-1
-1,-1
-1,-1
117450,538
-1,-1
-1,-1
-1,-1
