311010,1330,20778810
267151,70,741325
281649,68,613669
284348,73,1046587
289676,72,982643
298510,66,516799
383601,44,57196
359201,61,330771
508831,50,109468
265664,71,882465
393372,56,187155
361108,66,510412
145713,99,13037079
369431,51,118861
354509,51,112843
364786,62,339776
326215,41,42686
279421,70,763476
401996,51,115218
322186,48,83017
382844,32,16633
305126,47,82407
391759,35,23757
318566,45,64567
-1,1,0
-1,-1
-1,-1
-1,-1
-1,-1
-1,-1
-1,-1
-1,-1
-1,-1
-1,-1
-1,-1
-1,-1
274630,1
-1,-1
-1,-1
-1,-1
-1,-1
-1,-1
242752,14
-1,-1
-1,-1
-1,-1
-1,-1
-1,-1
-1,-1
-1,-1
-1,-1
-1,0
-1,-1
-1,-1
-1,-1
-1,-1
-1,-1
-1,-1
-1,-1
-1,-1
-1,-1
-1,-1
-1,-1
-1,-1
-1,-1
-1,-1
-1,-1
-1,-1
-1,-1
-1,-1
-1,-1
-1,-1
-1,-1
-1,-1
-1,-1
-1,-1
-1,-1
-1,-1
-1,-1
-1,0
-1,0
-1,-1
-1,-1
-1,-1
-1,-1
-1,-1
-1,-1
-1,-1
-1,-1
111857,7
-1,-1
-1,-1
-1,-1
-1,-1
175604,50
-1,-1
-1,-1
-1,-1
-1,-1
-1,-1
-1,-1
-1,-1
-1,-1
-1,-1
-1,-1
-1,-1
-1,-1
-1,-1
-1,-1
-1,-1
-1,-1
-1,-1
117442,538
-1,-1
-1,-1
-1,-1
