315621,1330,20778810
271522,70,741325
286229,68,613669
288954,73,1046587
294271,72,982643
302747,66,516799
389327,44,57196
364409,61,330771
515237,50,109468
269633,71,882465
398331,56,187155
365609,66,510412
147106,99,13037079
374438,51,118861
359666,51,112843
370144,62,339776
330739,41,42686
283581,70,763476
407790,51,115218
326919,48,83017
387993,32,16633
309846,47,82407
396445,35,23757
323031,45,64567
-1,1,0
-1,-1
-1,-1
-1,-1
-1,-1
-1,-1
-1,-1
-1,-1
-1,-1
-1,-1
-1,-1
-1,-1
277780,1
-1,-1
-1,-1
-1,-1
-1,-1
-1,-1
247179,14
-1,-1
-1,-1
-1,-1
-1,-1
-1,-1
-1,-1
-1,-1
-1,-1
-1,0
-1,-1
-1,-1
-1,-1
-1,-1
-1,-1
-1,-1
-1,-1
-1,-1
-1,-1
-1,-1
-1,-1
-1,-1
-1,-1
-1,-1
-1,-1
-1,-1
-1,-1
-1,-1
-1,-1
-1,-1
-1,-1
-1,-1
-1,-1
-1,-1
-1,-1
-1,-1
-1,-1
-1,0
-1,0
-1,-1
-1,-1
-1,-1
-1,-1
-1,-1
-1,-1
-1,-1
-1,-1
114848,7
-1,-1
-1,-1
-1,-1
-1,-1
178949,50
-1,-1
-1,-1
-1,-1
-1,-1
-1,-1
-1,-1
-1,-1
-1,-1
-1,-1
-1,-1
-1,-1
-1,-1
-1,-1
-1,-1
-1,-1
-1,-1
-1,-1
118433,538
-1,-1
-1,-1
-1,-1
