315680,1330,20778810
271565,70,741325
286289,68,613669
289013,73,1046587
294330,72,982643
302798,66,516799
389396,44,57196
364482,61,330771
515306,50,109468
269678,71,882465
398394,56,187155
365658,66,510412
147125,99,13037079
374489,51,118861
359731,51,112843
370209,62,339776
330811,41,42686
283634,70,763476
407853,51,115218
326984,48,83017
388051,32,16633
309897,47,82407
396510,35,23757
323091,45,64567
-1,1,0
-1,-1
-1,-1
-1,-1
-1,-1
-1,-1
-1,-1
-1,-1
-1,-1
-1,-1
-1,-1
-1,-1
277818,1
-1,-1
-1,-1
-1,-1
-1,-1
-1,-1
247232,14
-1,-1
-1,-1
-1,-1
-1,-1
-1,-1
-1,-1
-1,-1
-1,-1
-1,0
-1,-1
-1,-1
-1,-1
-1,-1
-1,-1
-1,-1
-1,-1
-1,-1
-1,-1
-1,-1
-1,-1
-1,-1
-1,-1
-1,-1
-1,-1
-1,-1
-1,-1
-1,-1
-1,-1
-1,-1
-1,-1
-1,-1
-1,-1
-1,-1
-1,-1
-1,-1
-1,-1
-1,0
-1,0
-1,-1
-1,-1
-1,-1
-1,-1
-1,-1
-1,-1
-1,-1
-1,-1
114884,7
-1,-1
-1,-1
-1,-1
-1,-1
178983,50
-1,-1
-1,-1
-1,-1
-1,-1
-1,-1
-1,-1
-1,-1
-1,-1
-1,-1
-1,-1
-1,-1
-1,-1
-1,-1
-1,-1
-1,-1
-1,-1
-1,-1
118448,538
-1,-1
-1,-1
-1,-1
