311026,1330,20778810
267163,70,741325
281662,68,613669
284372,73,1046587
289689,72,982643
298520,66,516799
383616,44,57196
359223,61,330771
508850,50,109468
265673,71,882465
393384,56,187155
361119,66,510412
145720,99,13037079
369453,51,118861
354526,51,112843
364808,62,339776
326225,41,42686
279426,70,763476
402017,51,115218
322191,48,83017
382858,32,16633
305138,47,82407
391768,35,23757
318575,45,64567
-1,1,0
-1,-1
-1,-1
-1,-1
-1,-1
-1,-1
-1,-1
-1,-1
-1,-1
-1,-1
-1,-1
-1,-1
274636,1
-1,-1
-1,-1
-1,-1
-1,-1
-1,-1
242768,14
-1,-1
-1,-1
-1,-1
-1,-1
-1,-1
-1,-1
-1,-1
-1,-1
-1,0
-1,-1
-1,-1
-1,-1
-1,-1
-1,-1
-1,-1
-1,-1
-1,-1
-1,-1
-1,-1
-1,-1
-1,-1
-1,-1
-1,-1
-1,-1
-1,-1
-1,-1
-1,-1
-1,-1
-1,-1
-1,-1
-1,-1
-1,-1
-1,-1
-1,-1
-1,-1
-1,-1
-1,0
-1,0
-1,-1
-1,-1
-1,-1
-1,-1
-1,-1
-1,-1
-1,-1
-1,-1
111864,7
-1,-1
-1,-1
-1,-1
-1,-1
175623,50
-1,-1
-1,-1
-1,-1
-1,-1
-1,-1
-1,-1
-1,-1
-1,-1
-1,-1
-1,-1
-1,-1
-1,-1
-1,-1
-1,-1
-1,-1
-1,-1
-1,-1
117447,538
-1,-1
-1,-1
-1,-1
