311010,1330,20778810
267151,70,741325
281646,68,613669
284349,73,1046587
289676,72,982643
298514,66,516799
383599,44,57196
359199,61,330771
508833,50,109468
265660,71,882465
393370,56,187155
361102,66,510412
145715,99,13037079
369431,51,118861
354506,51,112843
364777,62,339776
326216,41,42686
279416,70,763476
401993,51,115218
322189,48,83017
382843,32,16633
305126,47,82407
391753,35,23757
318568,45,64567
-1,1,0
-1,-1
-1,-1
-1,-1
-1,-1
-1,-1
-1,-1
-1,-1
-1,-1
-1,-1
-1,-1
-1,-1
274632,1
-1,-1
-1,-1
-1,-1
-1,-1
-1,-1
242744,14
-1,-1
-1,-1
-1,-1
-1,-1
-1,-1
-1,-1
-1,-1
-1,-1
-1,0
-1,-1
-1,-1
-1,-1
-1,-1
-1,-1
-1,-1
-1,-1
-1,-1
-1,-1
-1,-1
-1,-1
-1,-1
-1,-1
-1,-1
-1,-1
-1,-1
-1,-1
-1,-1
-1,-1
-1,-1
-1,-1
-1,-1
-1,-1
-1,-1
-1,-1
-1,-1
-1,-1
-1,0
-1,0
-1,-1
-1,-1
-1,-1
-1,-1
-1,-1
-1,-1
-1,-1
-1,-1
111854,7
-1,-1
-1,-1
-1,-1
-1,-1
175600,50
-1,-1
-1,-1
-1,-1
-1,-1
-1,-1
-1,-1
-1,-1
-1,-1
-1,-1
-1,-1
-1,-1
-1,-1
-1,-1
-1,-1
-1,-1
-1,-1
-1,-1
117444,538
-1,-1
-1,-1
-1,-1
