311130,1330,20778810
267262,70,741325
281759,68,613669
284494,73,1046587
289806,72,982643
298611,66,516799
383761,44,57196
359348,61,330771
509019,50,109468
265776,71,882465
393501,56,187155
361219,66,510412
145763,99,13037079
369564,51,118861
354641,51,112843
364937,62,339776
326319,41,42686
279522,70,763476
402173,51,115218
322284,48,83017
382976,32,16633
305250,47,82407
391901,35,23757
318683,45,64567
-1,1,0
-1,-1
-1,-1
-1,-1
-1,-1
-1,-1
-1,-1
-1,-1
-1,-1
-1,-1
-1,-1
-1,-1
274705,1
-1,-1
-1,-1
-1,-1
-1,-1
-1,-1
242858,14
-1,-1
-1,-1
-1,-1
-1,-1
-1,-1
-1,-1
-1,-1
-1,-1
-1,0
-1,-1
-1,-1
-1,-1
-1,-1
-1,-1
-1,-1
-1,-1
-1,-1
-1,-1
-1,-1
-1,-1
-1,-1
-1,-1
-1,-1
-1,-1
-1,-1
-1,-1
-1,-1
-1,-1
-1,-1
-1,-1
-1,-1
-1,-1
-1,-1
-1,-1
-1,-1
-1,-1
-1,0
-1,0
-1,-1
-1,-1
-1,-1
-1,-1
-1,-1
-1,-1
-1,-1
-1,-1
111927,7
-1,-1
-1,-1
-1,-1
-1,-1
175726,50
-1,-1
-1,-1
-1,-1
-1,-1
-1,-1
-1,-1
-1,-1
-1,-1
-1,-1
-1,-1
-1,-1
-1,-1
-1,-1
-1,-1
-1,-1
-1,-1
-1,-1
117471,538
-1,-1
-1,-1
-1,-1
