311213,1330,20778810
267339,70,741325
281846,68,613669
284589,73,1046587
289869,72,982643
298678,66,516799
383874,44,57196
359455,61,330771
509148,50,109468
265870,71,882465
393583,56,187155
361304,66,510412
145785,99,13037079
369659,51,118861
354730,51,112843
365051,62,339776
326395,41,42686
279582,70,763476
402289,51,115218
322362,48,83017
383055,32,16633
305338,47,82407
391973,35,23757
318750,45,64567
-1,1,0
-1,-1
-1,-1
-1,-1
-1,-1
-1,-1
-1,-1
-1,-1
-1,-1
-1,-1
-1,-1
-1,-1
274766,1
-1,-1
-1,-1
-1,-1
-1,-1
-1,-1
242935,14
-1,-1
-1,-1
-1,-1
-1,-1
-1,-1
-1,-1
-1,-1
-1,-1
-1,0
-1,-1
-1,-1
-1,-1
-1,-1
-1,-1
-1,-1
-1,-1
-1,-1
-1,-1
-1,-1
-1,-1
-1,-1
-1,-1
-1,-1
-1,-1
-1,-1
-1,-1
-1,-1
-1,-1
-1,-1
-1,-1
-1,-1
-1,-1
-1,-1
-1,-1
-1,-1
-1,-1
-1,0
-1,0
-1,-1
-1,-1
-1,-1
-1,-1
-1,-1
-1,-1
-1,-1
-1,-1
111980,7
-1,-1
-1,-1
-1,-1
-1,-1
175785,50
-1,-1
-1,-1
-1,-1
-1,-1
-1,-1
-1,-1
-1,-1
-1,-1
-1,-1
-1,-1
-1,-1
-1,-1
-1,-1
-1,-1
-1,-1
-1,-1
-1,-1
117490,538
-1,-1
-1,-1
-1,-1
