315825,1330,20778810
271720,70,741325
286432,68,613669
289149,73,1046587
294470,72,982643
302944,66,516799
389590,44,57196
364621,61,330771
515473,50,109468
269802,71,882465
398519,56,187155
365804,66,510412
147140,99,13037079
374636,51,118861
359869,51,112843
370384,62,339776
330968,41,42686
283715,70,763476
407997,51,115218
327143,48,83017
388204,32,16633
310034,47,82407
396637,35,23757
323215,45,64567
-1,1,0
-1,-1
-1,-1
-1,-1
-1,-1
-1,-1
-1,-1
-1,-1
-1,-1
-1,-1
-1,-1
-1,-1
277920,1
-1,-1
-1,-1
-1,-1
-1,-1
-1,-1
247363,14
-1,-1
-1,-1
-1,-1
-1,-1
-1,-1
-1,-1
-1,-1
-1,-1
-1,0
-1,-1
-1,-1
-1,-1
-1,-1
-1,-1
-1,-1
-1,-1
-1,-1
-1,-1
-1,-1
-1,-1
-1,-1
-1,-1
-1,-1
-1,-1
-1,-1
-1,-1
-1,-1
-1,-1
-1,-1
-1,-1
-1,-1
-1,-1
-1,-1
-1,-1
-1,-1
-1,-1
-1,0
-1,0
-1,-1
-1,-1
-1,-1
-1,-1
-1,-1
-1,-1
-1,-1
-1,-1
114984,7
-1,-1
-1,-1
-1,-1
-1,-1
179057,50
-1,-1
-1,-1
-1,-1
-1,-1
-1,-1
-1,-1
-1,-1
-1,-1
-1,-1
-1,-1
-1,-1
-1,-1
-1,-1
-1,-1
-1,-1
-1,-1
-1,-1
118439,538
-1,-1
-1,-1
-1,-1
