311108,1330,20778810
267246,70,741325
281746,68,613669
284478,73,1046587
289788,72,982643
298597,66,516799
383743,44,57196
359330,61,330771
508988,50,109468
265765,71,882465
393483,56,187155
361210,66,510412
145760,99,13037079
369550,51,118861
354628,51,112843
364919,62,339776
326303,41,42686
279511,70,763476
402150,51,115218
322272,48,83017
382958,32,16633
305235,47,82407
391883,35,23757
318667,45,64567
-1,1,0
-1,-1
-1,-1
-1,-1
-1,-1
-1,-1
-1,-1
-1,-1
-1,-1
-1,-1
-1,-1
-1,-1
274702,1
-1,-1
-1,-1
-1,-1
-1,-1
-1,-1
242846,14
-1,-1
-1,-1
-1,-1
-1,-1
-1,-1
-1,-1
-1,-1
-1,-1
-1,0
-1,-1
-1,-1
-1,-1
-1,-1
-1,-1
-1,-1
-1,-1
-1,-1
-1,-1
-1,-1
-1,-1
-1,-1
-1,-1
-1,-1
-1,-1
-1,-1
-1,-1
-1,-1
-1,-1
-1,-1
-1,-1
-1,-1
-1,-1
-1,-1
-1,-1
-1,-1
-1,-1
-1,0
-1,0
-1,-1
-1,-1
-1,-1
-1,-1
-1,-1
-1,-1
-1,-1
-1,-1
111916,7
-1,-1
-1,-1
-1,-1
-1,-1
175711,50
-1,-1
-1,-1
-1,-1
-1,-1
-1,-1
-1,-1
-1,-1
-1,-1
-1,-1
-1,-1
-1,-1
-1,-1
-1,-1
-1,-1
-1,-1
-1,-1
-1,-1
117465,538
-1,-1
-1,-1
-1,-1
