315799,1330,20778810
271690,70,741325
286393,68,613669
289112,73,1046587
294441,72,982643
302915,66,516799
389545,44,57196
364598,61,330771
515442,50,109468
269772,71,882465
398486,56,187155
365766,66,510412
147128,99,13037079
374597,51,118861
359843,51,112843
370333,62,339776
330934,41,42686
283698,70,763476
407967,51,115218
327104,48,83017
388177,32,16633
310002,47,82407
396602,35,23757
323190,45,64567
-1,1,0
-1,-1
-1,-1
-1,-1
-1,-1
-1,-1
-1,-1
-1,-1
-1,-1
-1,-1
-1,-1
-1,-1
277899,1
-1,-1
-1,-1
-1,-1
-1,-1
-1,-1
247336,14
-1,-1
-1,-1
-1,-1
-1,-1
-1,-1
-1,-1
-1,-1
-1,-1
-1,0
-1,-1
-1,-1
-1,-1
-1,-1
-1,-1
-1,-1
-1,-1
-1,-1
-1,-1
-1,-1
-1,-1
-1,-1
-1,-1
-1,-1
-1,-1
-1,-1
-1,-1
-1,-1
-1,-1
-1,-1
-1,-1
-1,-1
-1,-1
-1,-1
-1,-1
-1,-1
-1,-1
-1,0
-1,0
-1,-1
-1,-1
-1,-1
-1,-1
-1,-1
-1,-1
-1,-1
-1,-1
114968,7
-1,-1
-1,-1
-1,-1
-1,-1
179043,50
-1,-1
-1,-1
-1,-1
-1,-1
-1,-1
-1,-1
-1,-1
-1,-1
-1,-1
-1,-1
-1,-1
-1,-1
-1,-1
-1,-1
-1,-1
-1,-1
-1,-1
118436,538
-1,-1
-1,-1
-1,-1
