311161,1330,20778810
267292,70,741325
281785,68,613669
284527,73,1046587
289829,72,982643
298633,66,516799
383796,44,57196
359386,61,330771
509058,50,109468
265811,71,882465
393533,56,187155
361246,66,510412
145774,99,13037079
369595,51,118861
354670,51,112843
364983,62,339776
326348,41,42686
279539,70,763476
402213,51,115218
322308,48,83017
383011,32,16633
305277,47,82407
391928,35,23757
318704,45,64567
-1,1,0
-1,-1
-1,-1
-1,-1
-1,-1
-1,-1
-1,-1
-1,-1
-1,-1
-1,-1
-1,-1
-1,-1
274723,1
-1,-1
-1,-1
-1,-1
-1,-1
-1,-1
242888,14
-1,-1
-1,-1
-1,-1
-1,-1
-1,-1
-1,-1
-1,-1
-1,-1
-1,0
-1,-1
-1,-1
-1,-1
-1,-1
-1,-1
-1,-1
-1,-1
-1,-1
-1,-1
-1,-1
-1,-1
-1,-1
-1,-1
-1,-1
-1,-1
-1,-1
-1,-1
-1,-1
-1,-1
-1,-1
-1,-1
-1,-1
-1,-1
-1,-1
-1,-1
-1,-1
-1,-1
-1,0
-1,0
-1,-1
-1,-1
-1,-1
-1,-1
-1,-1
-1,-1
-1,-1
-1,-1
111946,7
-1,-1
-1,-1
-1,-1
-1,-1
175739,50
-1,-1
-1,-1
-1,-1
-1,-1
-1,-1
-1,-1
-1,-1
-1,-1
-1,-1
-1,-1
-1,-1
-1,-1
-1,-1
-1,-1
-1,-1
-1,-1
-1,-1
117474,538
-1,-1
-1,-1
-1,-1
