311191,1330,20778810
267317,70,741325
281820,68,613669
284562,73,1046587
289849,72,982643
298655,66,516799
383837,44,57196
359421,61,330771
509095,50,109468
265842,71,882465
393557,56,187155
361280,66,510412
145780,99,13037079
369626,51,118861
354700,51,112843
365025,62,339776
326372,41,42686
279564,70,763476
402257,51,115218
322342,48,83017
383033,32,16633
305307,47,82407
391950,35,23757
318728,45,64567
-1,1,0
-1,-1
-1,-1
-1,-1
-1,-1
-1,-1
-1,-1
-1,-1
-1,-1
-1,-1
-1,-1
-1,-1
274746,1
-1,-1
-1,-1
-1,-1
-1,-1
-1,-1
242909,14
-1,-1
-1,-1
-1,-1
-1,-1
-1,-1
-1,-1
-1,-1
-1,-1
-1,0
-1,-1
-1,-1
-1,-1
-1,-1
-1,-1
-1,-1
-1,-1
-1,-1
-1,-1
-1,-1
-1,-1
-1,-1
-1,-1
-1,-1
-1,-1
-1,-1
-1,-1
-1,-1
-1,-1
-1,-1
-1,-1
-1,-1
-1,-1
-1,-1
-1,-1
-1,-1
-1,-1
-1,0
-1,0
-1,-1
-1,-1
-1,-1
-1,-1
-1,-1
-1,-1
-1,-1
-1,-1
111963,7
-1,-1
-1,-1
-1,-1
-1,-1
175764,50
-1,-1
-1,-1
-1,-1
-1,-1
-1,-1
-1,-1
-1,-1
-1,-1
-1,-1
-1,-1
-1,-1
-1,-1
-1,-1
-1,-1
-1,-1
-1,-1
-1,-1
117482,538
-1,-1
-1,-1
-1,-1
