311121,1330,20778810
267252,70,741325
281753,68,613669
284485,73,1046587
289799,72,982643
298605,66,516799
383754,44,57196
359336,61,330771
509007,50,109468
265769,71,882465
393492,56,187155
361214,66,510412
145761,99,13037079
369555,51,118861
354635,51,112843
364931,62,339776
326314,41,42686
279517,70,763476
402164,51,115218
322278,48,83017
382965,32,16633
305241,47,82407
391898,35,23757
318678,45,64567
-1,1,0
-1,-1
-1,-1
-1,-1
-1,-1
-1,-1
-1,-1
-1,-1
-1,-1
-1,-1
-1,-1
-1,-1
274703,1
-1,-1
-1,-1
-1,-1
-1,-1
-1,-1
242852,14
-1,-1
-1,-1
-1,-1
-1,-1
-1,-1
-1,-1
-1,-1
-1,-1
-1,0
-1,-1
-1,-1
-1,-1
-1,-1
-1,-1
-1,-1
-1,-1
-1,-1
-1,-1
-1,-1
-1,-1
-1,-1
-1,-1
-1,-1
-1,-1
-1,-1
-1,-1
-1,-1
-1,-1
-1,-1
-1,-1
-1,-1
-1,-1
-1,-1
-1,-1
-1,-1
-1,-1
-1,0
-1,0
-1,-1
-1,-1
-1,-1
-1,-1
-1,-1
-1,-1
-1,-1
-1,-1
111924,7
-1,-1
-1,-1
-1,-1
-1,-1
175719,50
-1,-1
-1,-1
-1,-1
-1,-1
-1,-1
-1,-1
-1,-1
-1,-1
-1,-1
-1,-1
-1,-1
-1,-1
-1,-1
-1,-1
-1,-1
-1,-1
-1,-1
117471,538
-1,-1
-1,-1
-1,-1
