311188,1330,20778810
267314,70,741325
281812,68,613669
284550,73,1046587
289846,72,982643
298651,66,516799
383829,44,57196
359416,61,330771
509091,50,109468
265836,71,882465
393549,56,187155
361273,66,510412
145779,99,13037079
369619,51,118861
354698,51,112843
365020,62,339776
326371,41,42686
279557,70,763476
402249,51,115218
322337,48,83017
383023,32,16633
305303,47,82407
391947,35,23757
318724,45,64567
-1,1,0
-1,-1
-1,-1
-1,-1
-1,-1
-1,-1
-1,-1
-1,-1
-1,-1
-1,-1
-1,-1
-1,-1
274740,1
-1,-1
-1,-1
-1,-1
-1,-1
-1,-1
242907,14
-1,-1
-1,-1
-1,-1
-1,-1
-1,-1
-1,-1
-1,-1
-1,-1
-1,0
-1,-1
-1,-1
-1,-1
-1,-1
-1,-1
-1,-1
-1,-1
-1,-1
-1,-1
-1,-1
-1,-1
-1,-1
-1,-1
-1,-1
-1,-1
-1,-1
-1,-1
-1,-1
-1,-1
-1,-1
-1,-1
-1,-1
-1,-1
-1,-1
-1,-1
-1,-1
-1,-1
-1,0
-1,0
-1,-1
-1,-1
-1,-1
-1,-1
-1,-1
-1,-1
-1,-1
-1,-1
111961,7
-1,-1
-1,-1
-1,-1
-1,-1
175756,50
-1,-1
-1,-1
-1,-1
-1,-1
-1,-1
-1,-1
-1,-1
-1,-1
-1,-1
-1,-1
-1,-1
-1,-1
-1,-1
-1,-1
-1,-1
-1,-1
-1,-1
117481,538
-1,-1
-1,-1
-1,-1
