315775,1330,20778810
271673,70,741325
286368,68,613669
289099,73,1046587
294417,72,982643
302891,66,516799
389525,44,57196
364591,61,330771
515437,50,109468
269755,71,882465
398497,56,187155
365768,66,510412
147168,99,13037079
374601,51,118861
359819,51,112843
370328,62,339776
330903,41,42686
283719,70,763476
407975,51,115218
327092,48,83017
388167,32,16633
310005,47,82407
396615,35,23757
323177,45,64567
-1,1,0
-1,-1
-1,-1
-1,-1
-1,-1
-1,-1
-1,-1
-1,-1
-1,-1
-1,-1
-1,-1
-1,-1
277879,1
-1,-1
-1,-1
-1,-1
-1,-1
-1,-1
247339,14
-1,-1
-1,-1
-1,-1
-1,-1
-1,-1
-1,-1
-1,-1
-1,-1
-1,0
-1,-1
-1,-1
-1,-1
-1,-1
-1,-1
-1,-1
-1,-1
-1,-1
-1,-1
-1,-1
-1,-1
-1,-1
-1,-1
-1,-1
-1,-1
-1,-1
-1,-1
-1,-1
-1,-1
-1,-1
-1,-1
-1,-1
-1,-1
-1,-1
-1,-1
-1,-1
-1,-1
-1,0
-1,0
-1,-1
-1,-1
-1,-1
-1,-1
-1,-1
-1,-1
-1,-1
-1,-1
114949,7
-1,-1
-1,-1
-1,-1
-1,-1
179045,50
-1,-1
-1,-1
-1,-1
-1,-1
-1,-1
-1,-1
-1,-1
-1,-1
-1,-1
-1,-1
-1,-1
-1,-1
-1,-1
-1,-1
-1,-1
-1,-1
-1,-1
118473,538
-1,-1
-1,-1
-1,-1
