311171,1330,20778810
267297,70,741325
281794,68,613669
284533,73,1046587
289837,72,982643
298638,66,516799
383809,44,57196
359396,61,330771
509070,50,109468
265819,71,882465
393539,56,187155
361256,66,510412
145776,99,13037079
369603,51,118861
354682,51,112843
364998,62,339776
326356,41,42686
279545,70,763476
402221,51,115218
322316,48,83017
383016,32,16633
305284,47,82407
391935,35,23757
318712,45,64567
-1,1,0
-1,-1
-1,-1
-1,-1
-1,-1
-1,-1
-1,-1
-1,-1
-1,-1
-1,-1
-1,-1
-1,-1
274732,1
-1,-1
-1,-1
-1,-1
-1,-1
-1,-1
242893,14
-1,-1
-1,-1
-1,-1
-1,-1
-1,-1
-1,-1
-1,-1
-1,-1
-1,0
-1,-1
-1,-1
-1,-1
-1,-1
-1,-1
-1,-1
-1,-1
-1,-1
-1,-1
-1,-1
-1,-1
-1,-1
-1,-1
-1,-1
-1,-1
-1,-1
-1,-1
-1,-1
-1,-1
-1,-1
-1,-1
-1,-1
-1,-1
-1,-1
-1,-1
-1,-1
-1,-1
-1,0
-1,0
-1,-1
-1,-1
-1,-1
-1,-1
-1,-1
-1,-1
-1,-1
-1,-1
111950,7
-1,-1
-1,-1
-1,-1
-1,-1
175747,50
-1,-1
-1,-1
-1,-1
-1,-1
-1,-1
-1,-1
-1,-1
-1,-1
-1,-1
-1,-1
-1,-1
-1,-1
-1,-1
-1,-1
-1,-1
-1,-1
-1,-1
117476,538
-1,-1
-1,-1
-1,-1
