311176,1330,20778810
267306,70,741325
281803,68,613669
284540,73,1046587
289839,72,982643
298643,66,516799
383818,44,57196
359406,61,330771
509077,50,109468
265824,71,882465
393546,56,187155
361265,66,510412
145777,99,13037079
369610,51,118861
354689,51,112843
365008,62,339776
326359,41,42686
279548,70,763476
402234,51,115218
322328,48,83017
383019,32,16633
305295,47,82407
391940,35,23757
318715,45,64567
-1,1,0
-1,-1
-1,-1
-1,-1
-1,-1
-1,-1
-1,-1
-1,-1
-1,-1
-1,-1
-1,-1
-1,-1
274736,1
-1,-1
-1,-1
-1,-1
-1,-1
-1,-1
242901,14
-1,-1
-1,-1
-1,-1
-1,-1
-1,-1
-1,-1
-1,-1
-1,-1
-1,0
-1,-1
-1,-1
-1,-1
-1,-1
-1,-1
-1,-1
-1,-1
-1,-1
-1,-1
-1,-1
-1,-1
-1,-1
-1,-1
-1,-1
-1,-1
-1,-1
-1,-1
-1,-1
-1,-1
-1,-1
-1,-1
-1,-1
-1,-1
-1,-1
-1,-1
-1,-1
-1,-1
-1,0
-1,0
-1,-1
-1,-1
-1,-1
-1,-1
-1,-1
-1,-1
-1,-1
-1,-1
111952,7
-1,-1
-1,-1
-1,-1
-1,-1
175751,50
-1,-1
-1,-1
-1,-1
-1,-1
-1,-1
-1,-1
-1,-1
-1,-1
-1,-1
-1,-1
-1,-1
-1,-1
-1,-1
-1,-1
-1,-1
-1,-1
-1,-1
117479,538
-1,-1
-1,-1
-1,-1
