311096,1330,20778810
267235,70,741325
281731,68,613669
284464,73,1046587
289778,72,982643
298588,66,516799
383729,44,57196
359316,61,330771
508976,50,109468
265755,71,882465
393472,56,187155
361200,66,510412
145757,99,13037079
369540,51,118861
354612,51,112843
364908,62,339776
326295,41,42686
279500,70,763476
402124,51,115218
322265,48,83017
382947,32,16633
305227,47,82407
391866,35,23757
318659,45,64567
-1,1,0
-1,-1
-1,-1
-1,-1
-1,-1
-1,-1
-1,-1
-1,-1
-1,-1
-1,-1
-1,-1
-1,-1
274696,1
-1,-1
-1,-1
-1,-1
-1,-1
-1,-1
242839,14
-1,-1
-1,-1
-1,-1
-1,-1
-1,-1
-1,-1
-1,-1
-1,-1
-1,0
-1,-1
-1,-1
-1,-1
-1,-1
-1,-1
-1,-1
-1,-1
-1,-1
-1,-1
-1,-1
-1,-1
-1,-1
-1,-1
-1,-1
-1,-1
-1,-1
-1,-1
-1,-1
-1,-1
-1,-1
-1,-1
-1,-1
-1,-1
-1,-1
-1,-1
-1,-1
-1,-1
-1,0
-1,0
-1,-1
-1,-1
-1,-1
-1,-1
-1,-1
-1,-1
-1,-1
-1,-1
111913,7
-1,-1
-1,-1
-1,-1
-1,-1
175702,50
-1,-1
-1,-1
-1,-1
-1,-1
-1,-1
-1,-1
-1,-1
-1,-1
-1,-1
-1,-1
-1,-1
-1,-1
-1,-1
-1,-1
-1,-1
-1,-1
-1,-1
117463,538
-1,-1
-1,-1
-1,-1
