311158,1330,20778810
267287,70,741325
281781,68,613669
284518,73,1046587
289824,72,982643
298630,66,516799
383784,44,57196
359377,61,330771
509044,50,109468
265803,71,882465
393527,56,187155
361241,66,510412
145772,99,13037079
369591,51,118861
354665,51,112843
364974,62,339776
326339,41,42686
279539,70,763476
402208,51,115218
322304,48,83017
383000,32,16633
305270,47,82407
391925,35,23757
318699,45,64567
-1,1,0
-1,-1
-1,-1
-1,-1
-1,-1
-1,-1
-1,-1
-1,-1
-1,-1
-1,-1
-1,-1
-1,-1
274718,1
-1,-1
-1,-1
-1,-1
-1,-1
-1,-1
242878,14
-1,-1
-1,-1
-1,-1
-1,-1
-1,-1
-1,-1
-1,-1
-1,-1
-1,0
-1,-1
-1,-1
-1,-1
-1,-1
-1,-1
-1,-1
-1,-1
-1,-1
-1,-1
-1,-1
-1,-1
-1,-1
-1,-1
-1,-1
-1,-1
-1,-1
-1,-1
-1,-1
-1,-1
-1,-1
-1,-1
-1,-1
-1,-1
-1,-1
-1,-1
-1,-1
-1,-1
-1,0
-1,0
-1,-1
-1,-1
-1,-1
-1,-1
-1,-1
-1,-1
-1,-1
-1,-1
111944,7
-1,-1
-1,-1
-1,-1
-1,-1
175735,50
-1,-1
-1,-1
-1,-1
-1,-1
-1,-1
-1,-1
-1,-1
-1,-1
-1,-1
-1,-1
-1,-1
-1,-1
-1,-1
-1,-1
-1,-1
-1,-1
-1,-1
117473,538
-1,-1
-1,-1
-1,-1
