311198,1330,20778810
267328,70,741325
281827,68,613669
284577,73,1046587
289859,72,982643
298662,66,516799
383849,44,57196
359430,61,330771
509109,50,109468
265851,71,882465
393567,56,187155
361284,66,510412
145783,99,13037079
369640,51,118861
354714,51,112843
365038,62,339776
326379,41,42686
279569,70,763476
402267,51,115218
322348,48,83017
383041,32,16633
305316,47,82407
391959,35,23757
318735,45,64567
-1,1,0
-1,-1
-1,-1
-1,-1
-1,-1
-1,-1
-1,-1
-1,-1
-1,-1
-1,-1
-1,-1
-1,-1
274754,1
-1,-1
-1,-1
-1,-1
-1,-1
-1,-1
242916,14
-1,-1
-1,-1
-1,-1
-1,-1
-1,-1
-1,-1
-1,-1
-1,-1
-1,0
-1,-1
-1,-1
-1,-1
-1,-1
-1,-1
-1,-1
-1,-1
-1,-1
-1,-1
-1,-1
-1,-1
-1,-1
-1,-1
-1,-1
-1,-1
-1,-1
-1,-1
-1,-1
-1,-1
-1,-1
-1,-1
-1,-1
-1,-1
-1,-1
-1,-1
-1,-1
-1,-1
-1,0
-1,0
-1,-1
-1,-1
-1,-1
-1,-1
-1,-1
-1,-1
-1,-1
-1,-1
111969,7
-1,-1
-1,-1
-1,-1
-1,-1
175771,50
-1,-1
-1,-1
-1,-1
-1,-1
-1,-1
-1,-1
-1,-1
-1,-1
-1,-1
-1,-1
-1,-1
-1,-1
-1,-1
-1,-1
-1,-1
-1,-1
-1,-1
117487,538
-1,-1
-1,-1
-1,-1
