311080,1330,20778810
267214,70,741325
281713,68,613669
284443,73,1046587
289749,72,982643
298573,66,516799
383700,44,57196
359294,61,330771
508942,50,109468
265741,71,882465
393446,56,187155
361175,66,510412
145746,99,13037079
369516,51,118861
354588,51,112843
364891,62,339776
326274,41,42686
279485,70,763476
402096,51,115218
322243,48,83017
382925,32,16633
305205,47,82407
391836,35,23757
318645,45,64567
-1,1,0
-1,-1
-1,-1
-1,-1
-1,-1
-1,-1
-1,-1
-1,-1
-1,-1
-1,-1
-1,-1
-1,-1
274682,1
-1,-1
-1,-1
-1,-1
-1,-1
-1,-1
242821,14
-1,-1
-1,-1
-1,-1
-1,-1
-1,-1
-1,-1
-1,-1
-1,-1
-1,0
-1,-1
-1,-1
-1,-1
-1,-1
-1,-1
-1,-1
-1,-1
-1,-1
-1,-1
-1,-1
-1,-1
-1,-1
-1,-1
-1,-1
-1,-1
-1,-1
-1,-1
-1,-1
-1,-1
-1,-1
-1,-1
-1,-1
-1,-1
-1,-1
-1,-1
-1,-1
-1,-1
-1,0
-1,0
-1,-1
-1,-1
-1,-1
-1,-1
-1,-1
-1,-1
-1,-1
-1,-1
111896,7
-1,-1
-1,-1
-1,-1
-1,-1
175676,50
-1,-1
-1,-1
-1,-1
-1,-1
-1,-1
-1,-1
-1,-1
-1,-1
-1,-1
-1,-1
-1,-1
-1,-1
-1,-1
-1,-1
-1,-1
-1,-1
-1,-1
117459,538
-1,-1
-1,-1
-1,-1
