311292,1330,20778810
267431,70,741325
281912,68,613669
284658,73,1046587
289942,72,982643
298751,66,516799
383985,44,57196
359562,61,330771
509285,50,109468
265932,71,882465
393654,56,187155
361381,66,510412
145814,99,13037079
369763,51,118861
354833,51,112843
365146,62,339776
326480,41,42686
279665,70,763476
402407,51,115218
322449,48,83017
383160,32,16633
305418,47,82407
392059,35,23757
318828,45,64567
-1,1,0
-1,-1
-1,-1
-1,-1
-1,-1
-1,-1
-1,-1
-1,-1
-1,-1
-1,-1
-1,-1
-1,-1
274826,1
-1,-1
-1,-1
-1,-1
-1,-1
-1,-1
243007,14
-1,-1
-1,-1
-1,-1
-1,-1
-1,-1
-1,-1
-1,-1
-1,-1
-1,0
-1,-1
-1,-1
-1,-1
-1,-1
-1,-1
-1,-1
-1,-1
-1,-1
-1,-1
-1,-1
-1,-1
-1,-1
-1,-1
-1,-1
-1,-1
-1,-1
-1,-1
-1,-1
-1,-1
-1,-1
-1,-1
-1,-1
-1,-1
-1,-1
-1,-1
-1,-1
-1,-1
-1,0
-1,0
-1,-1
-1,-1
-1,-1
-1,-1
-1,-1
-1,-1
-1,-1
-1,-1
112025,7
-1,-1
-1,-1
-1,-1
-1,-1
175845,50
-1,-1
-1,-1
-1,-1
-1,-1
-1,-1
-1,-1
-1,-1
-1,-1
-1,-1
-1,-1
-1,-1
-1,-1
-1,-1
-1,-1
-1,-1
-1,-1
-1,-1
117506,538
-1,-1
-1,-1
-1,-1
