315906,1330,20778810
271806,70,741325
286511,68,613669
289236,73,1046587
294556,72,982643
303031,66,516799
389670,44,57196
364735,61,330771
515596,50,109468
269876,71,882465
398599,56,187155
365867,66,510412
147168,99,13037079
374732,51,118861
359968,51,112843
370487,62,339776
331037,41,42686
283810,70,763476
408101,51,115218
327206,48,83017
388303,32,16633
310130,47,82407
396720,35,23757
323314,45,64567
-1,1,0
-1,-1
-1,-1
-1,-1
-1,-1
-1,-1
-1,-1
-1,-1
-1,-1
-1,-1
-1,-1
-1,-1
277981,1
-1,-1
-1,-1
-1,-1
-1,-1
-1,-1
247441,14
-1,-1
-1,-1
-1,-1
-1,-1
-1,-1
-1,-1
-1,-1
-1,-1
-1,0
-1,-1
-1,-1
-1,-1
-1,-1
-1,-1
-1,-1
-1,-1
-1,-1
-1,-1
-1,-1
-1,-1
-1,-1
-1,-1
-1,-1
-1,-1
-1,-1
-1,-1
-1,-1
-1,-1
-1,-1
-1,-1
-1,-1
-1,-1
-1,-1
-1,-1
-1,-1
-1,-1
-1,0
-1,0
-1,-1
-1,-1
-1,-1
-1,-1
-1,-1
-1,-1
-1,-1
-1,-1
115032,7
-1,-1
-1,-1
-1,-1
-1,-1
179106,50
-1,-1
-1,-1
-1,-1
-1,-1
-1,-1
-1,-1
-1,-1
-1,-1
-1,-1
-1,-1
-1,-1
-1,-1
-1,-1
-1,-1
-1,-1
-1,-1
-1,-1
118461,538
-1,-1
-1,-1
-1,-1
