311357,1330,20778810
267484,70,741325
281977,68,613669
284707,73,1046587
289994,72,982643
298816,66,516799
384075,44,57196
359638,61,330771
509396,50,109468
265979,71,882465
393717,56,187155
361456,66,510412
145834,99,13037079
369832,51,118861
354894,51,112843
365224,62,339776
326548,41,42686
279714,70,763476
402517,51,115218
322521,48,83017
383231,32,16633
305483,47,82407
392117,35,23757
318888,45,64567
-1,1,0
-1,-1
-1,-1
-1,-1
-1,-1
-1,-1
-1,-1
-1,-1
-1,-1
-1,-1
-1,-1
-1,-1
274861,1
-1,-1
-1,-1
-1,-1
-1,-1
-1,-1
243056,14
-1,-1
-1,-1
-1,-1
-1,-1
-1,-1
-1,-1
-1,-1
-1,-1
-1,0
-1,-1
-1,-1
-1,-1
-1,-1
-1,-1
-1,-1
-1,-1
-1,-1
-1,-1
-1,-1
-1,-1
-1,-1
-1,-1
-1,-1
-1,-1
-1,-1
-1,-1
-1,-1
-1,-1
-1,-1
-1,-1
-1,-1
-1,-1
-1,-1
-1,-1
-1,-1
-1,-1
-1,0
-1,0
-1,-1
-1,-1
-1,-1
-1,-1
-1,-1
-1,-1
-1,-1
-1,-1
112080,7
-1,-1
-1,-1
-1,-1
-1,-1
175898,50
-1,-1
-1,-1
-1,-1
-1,-1
-1,-1
-1,-1
-1,-1
-1,-1
-1,-1
-1,-1
-1,-1
-1,-1
-1,-1
-1,-1
-1,-1
-1,-1
-1,-1
117517,538
-1,-1
-1,-1
-1,-1
