311380,1330,20778810
267498,70,741325
281988,68,613669
284723,73,1046587
290006,72,982643
298828,66,516799
384101,44,57196
359669,61,330771
509422,50,109468
265989,71,882465
393737,56,187155
361476,66,510412
145839,99,13037079
369852,51,118861
354915,51,112843
365249,62,339776
326567,41,42686
279739,70,763476
402543,51,115218
322531,48,83017
383248,32,16633
305503,47,82407
392139,35,23757
318904,45,64567
-1,1,0
-1,-1
-1,-1
-1,-1
-1,-1
-1,-1
-1,-1
-1,-1
-1,-1
-1,-1
-1,-1
-1,-1
274879,1
-1,-1
-1,-1
-1,-1
-1,-1
-1,-1
243073,14
-1,-1
-1,-1
-1,-1
-1,-1
-1,-1
-1,-1
-1,-1
-1,-1
-1,0
-1,-1
-1,-1
-1,-1
-1,-1
-1,-1
-1,-1
-1,-1
-1,-1
-1,-1
-1,-1
-1,-1
-1,-1
-1,-1
-1,-1
-1,-1
-1,-1
-1,-1
-1,-1
-1,-1
-1,-1
-1,-1
-1,-1
-1,-1
-1,-1
-1,-1
-1,-1
-1,-1
-1,0
-1,0
-1,-1
-1,-1
-1,-1
-1,-1
-1,-1
-1,-1
-1,-1
-1,-1
112096,7
-1,-1
-1,-1
-1,-1
-1,-1
175915,50
-1,-1
-1,-1
-1,-1
-1,-1
-1,-1
-1,-1
-1,-1
-1,-1
-1,-1
-1,-1
-1,-1
-1,-1
-1,-1
-1,-1
-1,-1
-1,-1
-1,-1
117521,538
-1,-1
-1,-1
-1,-1
