311353,1330,20778810
267476,70,741325
281962,68,613669
284695,73,1046587
289989,72,982643
298807,66,516799
384060,44,57196
359624,61,330771
509380,50,109468
265971,71,882465
393714,56,187155
361441,66,510412
145831,99,13037079
369820,51,118861
354886,51,112843
365216,62,339776
326541,41,42686
279702,70,763476
402505,51,115218
322512,48,83017
383217,32,16633
305475,47,82407
392110,35,23757
318880,45,64567
-1,1,0
-1,-1
-1,-1
-1,-1
-1,-1
-1,-1
-1,-1
-1,-1
-1,-1
-1,-1
-1,-1
-1,-1
274861,1
-1,-1
-1,-1
-1,-1
-1,-1
-1,-1
243050,14
-1,-1
-1,-1
-1,-1
-1,-1
-1,-1
-1,-1
-1,-1
-1,-1
-1,0
-1,-1
-1,-1
-1,-1
-1,-1
-1,-1
-1,-1
-1,-1
-1,-1
-1,-1
-1,-1
-1,-1
-1,-1
-1,-1
-1,-1
-1,-1
-1,-1
-1,-1
-1,-1
-1,-1
-1,-1
-1,-1
-1,-1
-1,-1
-1,-1
-1,-1
-1,-1
-1,-1
-1,0
-1,0
-1,-1
-1,-1
-1,-1
-1,-1
-1,-1
-1,-1
-1,-1
-1,-1
112072,7
-1,-1
-1,-1
-1,-1
-1,-1
175890,50
-1,-1
-1,-1
-1,-1
-1,-1
-1,-1
-1,-1
-1,-1
-1,-1
-1,-1
-1,-1
-1,-1
-1,-1
-1,-1
-1,-1
-1,-1
-1,-1
-1,-1
117516,538
-1,-1
-1,-1
-1,-1
