311277,1330,20778810
267409,70,741325
281905,68,613669
284648,73,1046587
289926,72,982643
298737,66,516799
383962,44,57196
359543,61,330771
509258,50,109468
265924,71,882465
393632,56,187155
361366,66,510412
145808,99,13037079
369744,51,118861
354804,51,112843
365128,62,339776
326462,41,42686
279650,70,763476
402381,51,115218
322437,48,83017
383137,32,16633
305398,47,82407
392044,35,23757
318815,45,64567
-1,1,0
-1,-1
-1,-1
-1,-1
-1,-1
-1,-1
-1,-1
-1,-1
-1,-1
-1,-1
-1,-1
-1,-1
274818,1
-1,-1
-1,-1
-1,-1
-1,-1
-1,-1
242990,14
-1,-1
-1,-1
-1,-1
-1,-1
-1,-1
-1,-1
-1,-1
-1,-1
-1,0
-1,-1
-1,-1
-1,-1
-1,-1
-1,-1
-1,-1
-1,-1
-1,-1
-1,-1
-1,-1
-1,-1
-1,-1
-1,-1
-1,-1
-1,-1
-1,-1
-1,-1
-1,-1
-1,-1
-1,-1
-1,-1
-1,-1
-1,-1
-1,-1
-1,-1
-1,-1
-1,-1
-1,0
-1,0
-1,-1
-1,-1
-1,-1
-1,-1
-1,-1
-1,-1
-1,-1
-1,-1
112019,7
-1,-1
-1,-1
-1,-1
-1,-1
175826,50
-1,-1
-1,-1
-1,-1
-1,-1
-1,-1
-1,-1
-1,-1
-1,-1
-1,-1
-1,-1
-1,-1
-1,-1
-1,-1
-1,-1
-1,-1
-1,-1
-1,-1
117501,538
-1,-1
-1,-1
-1,-1
