311233,1330,20778810
267360,70,741325
281863,68,613669
284611,73,1046587
289889,72,982643
298696,66,516799
383903,44,57196
359479,61,330771
509186,50,109468
265886,71,882465
393608,56,187155
361324,66,510412
145791,99,13037079
369684,51,118861
354756,51,112843
365085,62,339776
326415,41,42686
279599,70,763476
402318,51,115218
322380,48,83017
383078,32,16633
305354,47,82407
391995,35,23757
318771,45,64567
-1,1,0
-1,-1
-1,-1
-1,-1
-1,-1
-1,-1
-1,-1
-1,-1
-1,-1
-1,-1
-1,-1
-1,-1
274786,1
-1,-1
-1,-1
-1,-1
-1,-1
-1,-1
242951,14
-1,-1
-1,-1
-1,-1
-1,-1
-1,-1
-1,-1
-1,-1
-1,-1
-1,0
-1,-1
-1,-1
-1,-1
-1,-1
-1,-1
-1,-1
-1,-1
-1,-1
-1,-1
-1,-1
-1,-1
-1,-1
-1,-1
-1,-1
-1,-1
-1,-1
-1,-1
-1,-1
-1,-1
-1,-1
-1,-1
-1,-1
-1,-1
-1,-1
-1,-1
-1,-1
-1,-1
-1,0
-1,0
-1,-1
-1,-1
-1,-1
-1,-1
-1,-1
-1,-1
-1,-1
-1,-1
111992,7
-1,-1
-1,-1
-1,-1
-1,-1
175807,50
-1,-1
-1,-1
-1,-1
-1,-1
-1,-1
-1,-1
-1,-1
-1,-1
-1,-1
-1,-1
-1,-1
-1,-1
-1,-1
-1,-1
-1,-1
-1,-1
-1,-1
117496,538
-1,-1
-1,-1
-1,-1
