315922,1330,20778810
271826,70,741325
286537,68,613669
289256,73,1046587
294581,72,982643
303051,66,516799
389690,44,57196
364749,61,330771
515621,50,109468
269904,71,882465
398620,56,187155
365882,66,510412
147173,99,13037079
374759,51,118861
359989,51,112843
370512,62,339776
331048,41,42686
283831,70,763476
408127,51,115218
327223,48,83017
388326,32,16633
310143,47,82407
396744,35,23757
323324,45,64567
-1,1,0
-1,-1
-1,-1
-1,-1
-1,-1
-1,-1
-1,-1
-1,-1
-1,-1
-1,-1
-1,-1
-1,-1
277993,1
-1,-1
-1,-1
-1,-1
-1,-1
-1,-1
247461,14
-1,-1
-1,-1
-1,-1
-1,-1
-1,-1
-1,-1
-1,-1
-1,-1
-1,0
-1,-1
-1,-1
-1,-1
-1,-1
-1,-1
-1,-1
-1,-1
-1,-1
-1,-1
-1,-1
-1,-1
-1,-1
-1,-1
-1,-1
-1,-1
-1,-1
-1,-1
-1,-1
-1,-1
-1,-1
-1,-1
-1,-1
-1,-1
-1,-1
-1,-1
-1,-1
-1,-1
-1,0
-1,0
-1,-1
-1,-1
-1,-1
-1,-1
-1,-1
-1,-1
-1,-1
-1,-1
115041,7
-1,-1
-1,-1
-1,-1
-1,-1
179121,50
-1,-1
-1,-1
-1,-1
-1,-1
-1,-1
-1,-1
-1,-1
-1,-1
-1,-1
-1,-1
-1,-1
-1,-1
-1,-1
-1,-1
-1,-1
-1,-1
-1,-1
118470,538
-1,-1
-1,-1
-1,-1
