311260,1330,20778810
267395,70,741325
281893,68,613669
284640,73,1046587
289917,72,982643
298724,66,516799
383943,44,57196
359517,61,330771
509234,50,109468
265916,71,882465
393617,56,187155
361352,66,510412
145802,99,13037079
369727,51,118861
354793,51,112843
365113,62,339776
326450,41,42686
279639,70,763476
402364,51,115218
322419,48,83017
383121,32,16633
305383,47,82407
392028,35,23757
318805,45,64567
-1,1,0
-1,-1
-1,-1
-1,-1
-1,-1
-1,-1
-1,-1
-1,-1
-1,-1
-1,-1
-1,-1
-1,-1
274808,1
-1,-1
-1,-1
-1,-1
-1,-1
-1,-1
242978,14
-1,-1
-1,-1
-1,-1
-1,-1
-1,-1
-1,-1
-1,-1
-1,-1
-1,0
-1,-1
-1,-1
-1,-1
-1,-1
-1,-1
-1,-1
-1,-1
-1,-1
-1,-1
-1,-1
-1,-1
-1,-1
-1,-1
-1,-1
-1,-1
-1,-1
-1,-1
-1,-1
-1,-1
-1,-1
-1,-1
-1,-1
-1,-1
-1,-1
-1,-1
-1,-1
-1,-1
-1,0
-1,0
-1,-1
-1,-1
-1,-1
-1,-1
-1,-1
-1,-1
-1,-1
-1,-1
112014,7
-1,-1
-1,-1
-1,-1
-1,-1
175821,50
-1,-1
-1,-1
-1,-1
-1,-1
-1,-1
-1,-1
-1,-1
-1,-1
-1,-1
-1,-1
-1,-1
-1,-1
-1,-1
-1,-1
-1,-1
-1,-1
-1,-1
117497,538
-1,-1
-1,-1
-1,-1
