311488,1330,20778810
267597,70,741325
282095,68,613669
284819,73,1046587
290096,72,982643
298925,66,516799
384236,44,57196
359808,61,330771
509562,50,109468
266077,71,882465
393859,56,187155
361586,66,510412
145879,99,13037079
369957,51,118861
355042,51,112843
365360,62,339776
326685,41,42686
279862,70,763476
402707,51,115218
322647,48,83017
383386,32,16633
305624,47,82407
392254,35,23757
319039,45,64567
-1,1,0
-1,-1
-1,-1
-1,-1
-1,-1
-1,-1
-1,-1
-1,-1
-1,-1
-1,-1
-1,-1
-1,-1
274949,1
-1,-1
-1,-1
-1,-1
-1,-1
-1,-1
243193,14
-1,-1
-1,-1
-1,-1
-1,-1
-1,-1
-1,-1
-1,-1
-1,-1
-1,0
-1,-1
-1,-1
-1,-1
-1,-1
-1,-1
-1,-1
-1,-1
-1,-1
-1,-1
-1,-1
-1,-1
-1,-1
-1,-1
-1,-1
-1,-1
-1,-1
-1,-1
-1,-1
-1,-1
-1,-1
-1,-1
-1,-1
-1,-1
-1,-1
-1,-1
-1,-1
-1,-1
-1,0
-1,0
-1,-1
-1,-1
-1,-1
-1,-1
-1,-1
-1,-1
-1,-1
-1,-1
112165,7
-1,-1
-1,-1
-1,-1
-1,-1
176010,50
-1,-1
-1,-1
-1,-1
-1,-1
-1,-1
-1,-1
-1,-1
-1,-1
-1,-1
-1,-1
-1,-1
-1,-1
-1,-1
-1,-1
-1,-1
-1,-1
-1,-1
117543,538
-1,-1
-1,-1
-1,-1
