316082,1330,20778810
271999,70,741325
286736,68,613669
289433,73,1046587
294790,72,982643
303232,66,516799
389897,44,57196
364956,61,330771
515851,50,109468
270085,71,882465
398820,56,187155
366069,66,510412
147227,99,13037079
374987,51,118861
360188,51,112843
370745,62,339776
331200,41,42686
283972,70,763476
408334,51,115218
327409,48,83017
388520,32,16633
310315,47,82407
396924,35,23757
323506,45,64567
-1,1,0
-1,-1
-1,-1
-1,-1
-1,-1
-1,-1
-1,-1
-1,-1
-1,-1
-1,-1
-1,-1
-1,-1
278113,1
-1,-1
-1,-1
-1,-1
-1,-1
-1,-1
247622,14
-1,-1
-1,-1
-1,-1
-1,-1
-1,-1
-1,-1
-1,-1
-1,-1
-1,0
-1,-1
-1,-1
-1,-1
-1,-1
-1,-1
-1,-1
-1,-1
-1,-1
-1,-1
-1,-1
-1,-1
-1,-1
-1,-1
-1,-1
-1,-1
-1,-1
-1,-1
-1,-1
-1,-1
-1,-1
-1,-1
-1,-1
-1,-1
-1,-1
-1,-1
-1,-1
-1,-1
-1,0
-1,0
-1,-1
-1,-1
-1,-1
-1,-1
-1,-1
-1,-1
-1,-1
-1,-1
115149,7
-1,-1
-1,-1
-1,-1
-1,-1
179259,50
-1,-1
-1,-1
-1,-1
-1,-1
-1,-1
-1,-1
-1,-1
-1,-1
-1,-1
-1,-1
-1,-1
-1,-1
-1,-1
-1,-1
-1,-1
-1,-1
-1,-1
118509,538
-1,-1
-1,-1
-1,-1
