311459,1330,20778810
267574,70,741325
282067,68,613669
284796,73,1046587
290085,72,982643
298899,66,516799
384206,44,57196
359770,61,330771
509525,50,109468
266052,71,882465
393821,56,187155
361563,66,510412
145868,99,13037079
369930,51,118861
355004,51,112843
365334,62,339776
326662,41,42686
279840,70,763476
402668,51,115218
322608,48,83017
383356,32,16633
305605,47,82407
392228,35,23757
319007,45,64567
-1,1,0
-1,-1
-1,-1
-1,-1
-1,-1
-1,-1
-1,-1
-1,-1
-1,-1
-1,-1
-1,-1
-1,-1
274935,1
-1,-1
-1,-1
-1,-1
-1,-1
-1,-1
243167,14
-1,-1
-1,-1
-1,-1
-1,-1
-1,-1
-1,-1
-1,-1
-1,-1
-1,0
-1,-1
-1,-1
-1,-1
-1,-1
-1,-1
-1,-1
-1,-1
-1,-1
-1,-1
-1,-1
-1,-1
-1,-1
-1,-1
-1,-1
-1,-1
-1,-1
-1,-1
-1,-1
-1,-1
-1,-1
-1,-1
-1,-1
-1,-1
-1,-1
-1,-1
-1,-1
-1,-1
-1,0
-1,0
-1,-1
-1,-1
-1,-1
-1,-1
-1,-1
-1,-1
-1,-1
-1,-1
112153,7
-1,-1
-1,-1
-1,-1
-1,-1
175988,50
-1,-1
-1,-1
-1,-1
-1,-1
-1,-1
-1,-1
-1,-1
-1,-1
-1,-1
-1,-1
-1,-1
-1,-1
-1,-1
-1,-1
-1,-1
-1,-1
-1,-1
117536,538
-1,-1
-1,-1
-1,-1
