311505,1330,20778810
267613,70,741325
282104,68,613669
284838,73,1046587
290119,72,982643
298940,66,516799
384264,44,57196
359830,61,330771
509594,50,109468
266094,71,882465
393887,56,187155
361600,66,510412
145881,99,13037079
369978,51,118861
355056,51,112843
365382,62,339776
326706,41,42686
279876,70,763476
402730,51,115218
322667,48,83017
383405,32,16633
305649,47,82407
392277,35,23757
319053,45,64567
-1,1,0
-1,-1
-1,-1
-1,-1
-1,-1
-1,-1
-1,-1
-1,-1
-1,-1
-1,-1
-1,-1
-1,-1
274961,1
-1,-1
-1,-1
-1,-1
-1,-1
-1,-1
243217,14
-1,-1
-1,-1
-1,-1
-1,-1
-1,-1
-1,-1
-1,-1
-1,-1
-1,0
-1,-1
-1,-1
-1,-1
-1,-1
-1,-1
-1,-1
-1,-1
-1,-1
-1,-1
-1,-1
-1,-1
-1,-1
-1,-1
-1,-1
-1,-1
-1,-1
-1,-1
-1,-1
-1,-1
-1,-1
-1,-1
-1,-1
-1,-1
-1,-1
-1,-1
-1,-1
-1,-1
-1,0
-1,0
-1,-1
-1,-1
-1,-1
-1,-1
-1,-1
-1,-1
-1,-1
-1,-1
112173,7
-1,-1
-1,-1
-1,-1
-1,-1
176028,50
-1,-1
-1,-1
-1,-1
-1,-1
-1,-1
-1,-1
-1,-1
-1,-1
-1,-1
-1,-1
-1,-1
-1,-1
-1,-1
-1,-1
-1,-1
-1,-1
-1,-1
117546,538
-1,-1
-1,-1
-1,-1
