315999,1330,20778810
271919,70,741325
286650,68,613669
289362,73,1046587
294691,72,982643
303140,66,516799
389792,44,57196
364858,61,330771
515747,50,109468
269997,71,882465
398732,56,187155
365974,66,510412
147196,99,13037079
374881,51,118861
360091,51,112843
370628,62,339776
331128,41,42686
283907,70,763476
408235,51,115218
327316,48,83017
388436,32,16633
310245,47,82407
396835,35,23757
323416,45,64567
-1,1,0
-1,-1
-1,-1
-1,-1
-1,-1
-1,-1
-1,-1
-1,-1
-1,-1
-1,-1
-1,-1
-1,-1
278064,1
-1,-1
-1,-1
-1,-1
-1,-1
-1,-1
247554,14
-1,-1
-1,-1
-1,-1
-1,-1
-1,-1
-1,-1
-1,-1
-1,-1
-1,0
-1,-1
-1,-1
-1,-1
-1,-1
-1,-1
-1,-1
-1,-1
-1,-1
-1,-1
-1,-1
-1,-1
-1,-1
-1,-1
-1,-1
-1,-1
-1,-1
-1,-1
-1,-1
-1,-1
-1,-1
-1,-1
-1,-1
-1,-1
-1,-1
-1,-1
-1,-1
-1,-1
-1,0
-1,0
-1,-1
-1,-1
-1,-1
-1,-1
-1,-1
-1,-1
-1,-1
-1,-1
115093,7
-1,-1
-1,-1
-1,-1
-1,-1
179191,50
-1,-1
-1,-1
-1,-1
-1,-1
-1,-1
-1,-1
-1,-1
-1,-1
-1,-1
-1,-1
-1,-1
-1,-1
-1,-1
-1,-1
-1,-1
-1,-1
-1,-1
118489,538
-1,-1
-1,-1
-1,-1
