311494,1330,20778810
267606,70,741325
282100,68,613669
284827,73,1046587
290109,72,982643
298931,66,516799
384249,44,57196
359821,61,330771
509575,50,109468
266082,71,882465
393872,56,187155
361592,66,510412
145880,99,13037079
369965,51,118861
355046,51,112843
365370,62,339776
326694,41,42686
279864,70,763476
402711,51,115218
322653,48,83017
383396,32,16633
305632,47,82407
392263,35,23757
319042,45,64567
-1,1,0
-1,-1
-1,-1
-1,-1
-1,-1
-1,-1
-1,-1
-1,-1
-1,-1
-1,-1
-1,-1
-1,-1
274954,1
-1,-1
-1,-1
-1,-1
-1,-1
-1,-1
243202,14
-1,-1
-1,-1
-1,-1
-1,-1
-1,-1
-1,-1
-1,-1
-1,-1
-1,0
-1,-1
-1,-1
-1,-1
-1,-1
-1,-1
-1,-1
-1,-1
-1,-1
-1,-1
-1,-1
-1,-1
-1,-1
-1,-1
-1,-1
-1,-1
-1,-1
-1,-1
-1,-1
-1,-1
-1,-1
-1,-1
-1,-1
-1,-1
-1,-1
-1,-1
-1,-1
-1,-1
-1,0
-1,0
-1,-1
-1,-1
-1,-1
-1,-1
-1,-1
-1,-1
-1,-1
-1,-1
112166,7
-1,-1
-1,-1
-1,-1
-1,-1
176020,50
-1,-1
-1,-1
-1,-1
-1,-1
-1,-1
-1,-1
-1,-1
-1,-1
-1,-1
-1,-1
-1,-1
-1,-1
-1,-1
-1,-1
-1,-1
-1,-1
-1,-1
117544,538
-1,-1
-1,-1
-1,-1
