311560,1330,20778810
267651,70,741325
282152,68,613669
284892,73,1046587
290166,72,982643
298973,66,516799
384332,44,57196
359889,61,330771
509653,50,109468
266144,71,882465
393934,56,187155
361661,66,510412
145894,99,13037079
370036,51,118861
355116,51,112843
365434,62,339776
326752,41,42686
279911,70,763476
402801,51,115218
322714,48,83017
383455,32,16633
305682,47,82407
392324,35,23757
319096,45,64567
-1,1,0
-1,-1
-1,-1
-1,-1
-1,-1
-1,-1
-1,-1
-1,-1
-1,-1
-1,-1
-1,-1
-1,-1
274994,1
-1,-1
-1,-1
-1,-1
-1,-1
-1,-1
243265,14
-1,-1
-1,-1
-1,-1
-1,-1
-1,-1
-1,-1
-1,-1
-1,-1
-1,0
-1,-1
-1,-1
-1,-1
-1,-1
-1,-1
-1,-1
-1,-1
-1,-1
-1,-1
-1,-1
-1,-1
-1,-1
-1,-1
-1,-1
-1,-1
-1,-1
-1,-1
-1,-1
-1,-1
-1,-1
-1,-1
-1,-1
-1,-1
-1,-1
-1,-1
-1,-1
-1,-1
-1,0
-1,0
-1,-1
-1,-1
-1,-1
-1,-1
-1,-1
-1,-1
-1,-1
-1,-1
112200,7
-1,-1
-1,-1
-1,-1
-1,-1
176066,50
-1,-1
-1,-1
-1,-1
-1,-1
-1,-1
-1,-1
-1,-1
-1,-1
-1,-1
-1,-1
-1,-1
-1,-1
-1,-1
-1,-1
-1,-1
-1,-1
-1,-1
117552,538
-1,-1
-1,-1
-1,-1
