316020,1330,20778810
271939,70,741325
286675,68,613669
289377,73,1046587
294725,72,982643
303159,66,516799
389816,44,57196
364891,61,330771
515764,50,109468
270018,71,882465
398757,56,187155
366003,66,510412
147202,99,13037079
374903,51,118861
360113,51,112843
370651,62,339776
331139,41,42686
283925,70,763476
408250,51,115218
327342,48,83017
388455,32,16633
310264,47,82407
396856,35,23757
323430,45,64567
-1,1,0
-1,-1
-1,-1
-1,-1
-1,-1
-1,-1
-1,-1
-1,-1
-1,-1
-1,-1
-1,-1
-1,-1
278078,1
-1,-1
-1,-1
-1,-1
-1,-1
-1,-1
247572,14
-1,-1
-1,-1
-1,-1
-1,-1
-1,-1
-1,-1
-1,-1
-1,-1
-1,0
-1,-1
-1,-1
-1,-1
-1,-1
-1,-1
-1,-1
-1,-1
-1,-1
-1,-1
-1,-1
-1,-1
-1,-1
-1,-1
-1,-1
-1,-1
-1,-1
-1,-1
-1,-1
-1,-1
-1,-1
-1,-1
-1,-1
-1,-1
-1,-1
-1,-1
-1,-1
-1,-1
-1,0
-1,0
-1,-1
-1,-1
-1,-1
-1,-1
-1,-1
-1,-1
-1,-1
-1,-1
115107,7
-1,-1
-1,-1
-1,-1
-1,-1
179211,50
-1,-1
-1,-1
-1,-1
-1,-1
-1,-1
-1,-1
-1,-1
-1,-1
-1,-1
-1,-1
-1,-1
-1,-1
-1,-1
-1,-1
-1,-1
-1,-1
-1,-1
118493,538
-1,-1
-1,-1
-1,-1
