311428,1330,20778810
267548,70,741325
282039,68,613669
284769,73,1046587
290057,72,982643
298878,66,516799
384175,44,57196
359731,61,330771
509494,50,109468
266030,71,882465
393796,56,187155
361533,66,510412
145856,99,13037079
369901,51,118861
354967,51,112843
365298,62,339776
326630,41,42686
279815,70,763476
402623,51,115218
322579,48,83017
383324,32,16633
305564,47,82407
392202,35,23757
318963,45,64567
-1,1,0
-1,-1
-1,-1
-1,-1
-1,-1
-1,-1
-1,-1
-1,-1
-1,-1
-1,-1
-1,-1
-1,-1
274914,1
-1,-1
-1,-1
-1,-1
-1,-1
-1,-1
243130,14
-1,-1
-1,-1
-1,-1
-1,-1
-1,-1
-1,-1
-1,-1
-1,-1
-1,0
-1,-1
-1,-1
-1,-1
-1,-1
-1,-1
-1,-1
-1,-1
-1,-1
-1,-1
-1,-1
-1,-1
-1,-1
-1,-1
-1,-1
-1,-1
-1,-1
-1,-1
-1,-1
-1,-1
-1,-1
-1,-1
-1,-1
-1,-1
-1,-1
-1,-1
-1,-1
-1,-1
-1,0
-1,0
-1,-1
-1,-1
-1,-1
-1,-1
-1,-1
-1,-1
-1,-1
-1,-1
112132,7
-1,-1
-1,-1
-1,-1
-1,-1
175967,50
-1,-1
-1,-1
-1,-1
-1,-1
-1,-1
-1,-1
-1,-1
-1,-1
-1,-1
-1,-1
-1,-1
-1,-1
-1,-1
-1,-1
-1,-1
-1,-1
-1,-1
117535,538
-1,-1
-1,-1
-1,-1
