316060,1330,20778810
271976,70,741325
286716,68,613669
289414,73,1046587
294773,72,982643
303210,66,516799
389864,44,57196
364933,61,330771
515822,50,109468
270063,71,882465
398804,56,187155
366046,66,510412
147218,99,13037079
374956,51,118861
360165,51,112843
370720,62,339776
331170,41,42686
283948,70,763476
408304,51,115218
327384,48,83017
388494,32,16633
310300,47,82407
396904,35,23757
323479,45,64567
-1,1,0
-1,-1
-1,-1
-1,-1
-1,-1
-1,-1
-1,-1
-1,-1
-1,-1
-1,-1
-1,-1
-1,-1
278096,1
-1,-1
-1,-1
-1,-1
-1,-1
-1,-1
247606,14
-1,-1
-1,-1
-1,-1
-1,-1
-1,-1
-1,-1
-1,-1
-1,-1
-1,0
-1,-1
-1,-1
-1,-1
-1,-1
-1,-1
-1,-1
-1,-1
-1,-1
-1,-1
-1,-1
-1,-1
-1,-1
-1,-1
-1,-1
-1,-1
-1,-1
-1,-1
-1,-1
-1,-1
-1,-1
-1,-1
-1,-1
-1,-1
-1,-1
-1,-1
-1,-1
-1,-1
-1,0
-1,0
-1,-1
-1,-1
-1,-1
-1,-1
-1,-1
-1,-1
-1,-1
-1,-1
115131,7
-1,-1
-1,-1
-1,-1
-1,-1
179243,50
-1,-1
-1,-1
-1,-1
-1,-1
-1,-1
-1,-1
-1,-1
-1,-1
-1,-1
-1,-1
-1,-1
-1,-1
-1,-1
-1,-1
-1,-1
-1,-1
-1,-1
118504,538
-1,-1
-1,-1
-1,-1
