311479,1330,20778810
267590,70,741325
282082,68,613669
284809,73,1046587
290091,72,982643
298913,66,516799
384230,44,57196
359795,61,330771
509552,50,109468
266067,71,882465
393845,56,187155
361578,66,510412
145878,99,13037079
369947,51,118861
355028,51,112843
365349,62,339776
326677,41,42686
279857,70,763476
402695,51,115218
322630,48,83017
383375,32,16633
305620,47,82407
392250,35,23757
319028,45,64567
-1,1,0
-1,-1
-1,-1
-1,-1
-1,-1
-1,-1
-1,-1
-1,-1
-1,-1
-1,-1
-1,-1
-1,-1
274948,1
-1,-1
-1,-1
-1,-1
-1,-1
-1,-1
243182,14
-1,-1
-1,-1
-1,-1
-1,-1
-1,-1
-1,-1
-1,-1
-1,-1
-1,0
-1,-1
-1,-1
-1,-1
-1,-1
-1,-1
-1,-1
-1,-1
-1,-1
-1,-1
-1,-1
-1,-1
-1,-1
-1,-1
-1,-1
-1,-1
-1,-1
-1,-1
-1,-1
-1,-1
-1,-1
-1,-1
-1,-1
-1,-1
-1,-1
-1,-1
-1,-1
-1,-1
-1,0
-1,0
-1,-1
-1,-1
-1,-1
-1,-1
-1,-1
-1,-1
-1,-1
-1,-1
112160,7
-1,-1
-1,-1
-1,-1
-1,-1
176001,50
-1,-1
-1,-1
-1,-1
-1,-1
-1,-1
-1,-1
-1,-1
-1,-1
-1,-1
-1,-1
-1,-1
-1,-1
-1,-1
-1,-1
-1,-1
-1,-1
-1,-1
117543,538
-1,-1
-1,-1
-1,-1
