311424,1330,20778810
267543,70,741325
282032,68,613669
284761,73,1046587
290049,72,982643
298869,66,516799
384162,44,57196
359724,61,330771
509486,50,109468
266023,71,882465
393789,56,187155
361520,66,510412
145852,99,13037079
369896,51,118861
354958,51,112843
365292,62,339776
326622,41,42686
279799,70,763476
402611,51,115218
322572,48,83017
383310,32,16633
305559,47,82407
392194,35,23757
318957,45,64567
-1,1,0
-1,-1
-1,-1
-1,-1
-1,-1
-1,-1
-1,-1
-1,-1
-1,-1
-1,-1
-1,-1
-1,-1
274908,1
-1,-1
-1,-1
-1,-1
-1,-1
-1,-1
243127,14
-1,-1
-1,-1
-1,-1
-1,-1
-1,-1
-1,-1
-1,-1
-1,-1
-1,0
-1,-1
-1,-1
-1,-1
-1,-1
-1,-1
-1,-1
-1,-1
-1,-1
-1,-1
-1,-1
-1,-1
-1,-1
-1,-1
-1,-1
-1,-1
-1,-1
-1,-1
-1,-1
-1,-1
-1,-1
-1,-1
-1,-1
-1,-1
-1,-1
-1,-1
-1,-1
-1,-1
-1,0
-1,0
-1,-1
-1,-1
-1,-1
-1,-1
-1,-1
-1,-1
-1,-1
-1,-1
112124,7
-1,-1
-1,-1
-1,-1
-1,-1
175964,50
-1,-1
-1,-1
-1,-1
-1,-1
-1,-1
-1,-1
-1,-1
-1,-1
-1,-1
-1,-1
-1,-1
-1,-1
-1,-1
-1,-1
-1,-1
-1,-1
-1,-1
117531,538
-1,-1
-1,-1
-1,-1
