311433,1330,20778810
267552,70,741325
282039,68,613669
284773,73,1046587
290059,72,982643
298881,66,516799
384177,44,57196
359734,61,330771
509501,50,109468
266033,71,882465
393799,56,187155
361536,66,510412
145856,99,13037079
369904,51,118861
354976,51,112843
365310,62,339776
326632,41,42686
279819,70,763476
402632,51,115218
322583,48,83017
383328,32,16633
305569,47,82407
392206,35,23757
318965,45,64567
-1,1,0
-1,-1
-1,-1
-1,-1
-1,-1
-1,-1
-1,-1
-1,-1
-1,-1
-1,-1
-1,-1
-1,-1
274917,1
-1,-1
-1,-1
-1,-1
-1,-1
-1,-1
243135,14
-1,-1
-1,-1
-1,-1
-1,-1
-1,-1
-1,-1
-1,-1
-1,-1
-1,0
-1,-1
-1,-1
-1,-1
-1,-1
-1,-1
-1,-1
-1,-1
-1,-1
-1,-1
-1,-1
-1,-1
-1,-1
-1,-1
-1,-1
-1,-1
-1,-1
-1,-1
-1,-1
-1,-1
-1,-1
-1,-1
-1,-1
-1,-1
-1,-1
-1,-1
-1,-1
-1,-1
-1,0
-1,0
-1,-1
-1,-1
-1,-1
-1,-1
-1,-1
-1,-1
-1,-1
-1,-1
112133,7
-1,-1
-1,-1
-1,-1
-1,-1
175970,50
-1,-1
-1,-1
-1,-1
-1,-1
-1,-1
-1,-1
-1,-1
-1,-1
-1,-1
-1,-1
-1,-1
-1,-1
-1,-1
-1,-1
-1,-1
-1,-1
-1,-1
117536,538
-1,-1
-1,-1
-1,-1
