311549,1330,20778810
267647,70,741325
282149,68,613669
284881,73,1046587
290153,72,982643
298967,66,516799
384321,44,57196
359874,61,330771
509637,50,109468
266139,71,882465
393921,56,187155
361653,66,510412
145892,99,13037079
370019,51,118861
355110,51,112843
365424,62,339776
326746,41,42686
279901,70,763476
402791,51,115218
322704,48,83017
383445,32,16633
305678,47,82407
392315,35,23757
319090,45,64567
-1,1,0
-1,-1
-1,-1
-1,-1
-1,-1
-1,-1
-1,-1
-1,-1
-1,-1
-1,-1
-1,-1
-1,-1
274990,1
-1,-1
-1,-1
-1,-1
-1,-1
-1,-1
243256,14
-1,-1
-1,-1
-1,-1
-1,-1
-1,-1
-1,-1
-1,-1
-1,-1
-1,0
-1,-1
-1,-1
-1,-1
-1,-1
-1,-1
-1,-1
-1,-1
-1,-1
-1,-1
-1,-1
-1,-1
-1,-1
-1,-1
-1,-1
-1,-1
-1,-1
-1,-1
-1,-1
-1,-1
-1,-1
-1,-1
-1,-1
-1,-1
-1,-1
-1,-1
-1,-1
-1,-1
-1,0
-1,0
-1,-1
-1,-1
-1,-1
-1,-1
-1,-1
-1,-1
-1,-1
-1,-1
112194,7
-1,-1
-1,-1
-1,-1
-1,-1
176062,50
-1,-1
-1,-1
-1,-1
-1,-1
-1,-1
-1,-1
-1,-1
-1,-1
-1,-1
-1,-1
-1,-1
-1,-1
-1,-1
-1,-1
-1,-1
-1,-1
-1,-1
117552,538
-1,-1
-1,-1
-1,-1
