311682,1330,20778810
267725,70,741325
282263,68,613669
284991,73,1046587
290237,72,982643
299081,66,516799
384465,44,57196
359994,61,330771
509811,50,109468
266228,71,882465
394047,56,187155
361738,66,510412
145922,99,13037079
370132,51,118861
355224,51,112843
365564,62,339776
326841,41,42686
280006,70,763476
402947,51,115218
322821,48,83017
383569,32,16633
305794,47,82407
392427,35,23757
319183,45,64567
-1,1,0
-1,-1
-1,-1
-1,-1
-1,-1
-1,-1
-1,-1
-1,-1
-1,-1
-1,-1
-1,-1
-1,-1
275068,1
-1,-1
-1,-1
-1,-1
-1,-1
-1,-1
243350,14
-1,-1
-1,-1
-1,-1
-1,-1
-1,-1
-1,-1
-1,-1
-1,-1
-1,0
-1,-1
-1,-1
-1,-1
-1,-1
-1,-1
-1,-1
-1,-1
-1,-1
-1,-1
-1,-1
-1,-1
-1,-1
-1,-1
-1,-1
-1,-1
-1,-1
-1,-1
-1,-1
-1,-1
-1,-1
-1,-1
-1,-1
-1,-1
-1,-1
-1,-1
-1,-1
-1,-1
-1,0
-1,0
-1,-1
-1,-1
-1,-1
-1,-1
-1,-1
-1,-1
-1,-1
-1,-1
112260,7
-1,-1
-1,-1
-1,-1
-1,-1
176128,50
-1,-1
-1,-1
-1,-1
-1,-1
-1,-1
-1,-1
-1,-1
-1,-1
-1,-1
-1,-1
-1,-1
-1,-1
-1,-1
-1,-1
-1,-1
-1,-1
-1,-1
117566,538
-1,-1
-1,-1
-1,-1
