311644,1330,20778810
267705,70,741325
282240,68,613669
284962,73,1046587
290222,72,982643
299063,66,516799
384433,44,57196
359973,61,330771
509773,50,109468
266211,71,882465
394019,56,187155
361717,66,510412
145917,99,13037079
370116,51,118861
355194,51,112843
365527,62,339776
326824,41,42686
279986,70,763476
402916,51,115218
322802,48,83017
383533,32,16633
305765,47,82407
392406,35,23757
319169,45,64567
-1,1,0
-1,-1
-1,-1
-1,-1
-1,-1
-1,-1
-1,-1
-1,-1
-1,-1
-1,-1
-1,-1
-1,-1
275055,1
-1,-1
-1,-1
-1,-1
-1,-1
-1,-1
243330,14
-1,-1
-1,-1
-1,-1
-1,-1
-1,-1
-1,-1
-1,-1
-1,-1
-1,0
-1,-1
-1,-1
-1,-1
-1,-1
-1,-1
-1,-1
-1,-1
-1,-1
-1,-1
-1,-1
-1,-1
-1,-1
-1,-1
-1,-1
-1,-1
-1,-1
-1,-1
-1,-1
-1,-1
-1,-1
-1,-1
-1,-1
-1,-1
-1,-1
-1,-1
-1,-1
-1,-1
-1,0
-1,0
-1,-1
-1,-1
-1,-1
-1,-1
-1,-1
-1,-1
-1,-1
-1,-1
112254,7
-1,-1
-1,-1
-1,-1
-1,-1
176114,50
-1,-1
-1,-1
-1,-1
-1,-1
-1,-1
-1,-1
-1,-1
-1,-1
-1,-1
-1,-1
-1,-1
-1,-1
-1,-1
-1,-1
-1,-1
-1,-1
-1,-1
117565,538
-1,-1
-1,-1
-1,-1
