311631,1330,20778810
267691,70,741325
282226,68,613669
284960,73,1046587
290214,72,982643
299046,66,516799
384417,44,57196
359960,61,330771
509755,50,109468
266198,71,882465
394003,56,187155
361711,66,510412
145913,99,13037079
370095,51,118861
355186,51,112843
365508,62,339776
326812,41,42686
279974,70,763476
402896,51,115218
322790,48,83017
383518,32,16633
305758,47,82407
392397,35,23757
319151,45,64567
-1,1,0
-1,-1
-1,-1
-1,-1
-1,-1
-1,-1
-1,-1
-1,-1
-1,-1
-1,-1
-1,-1
-1,-1
275045,1
-1,-1
-1,-1
-1,-1
-1,-1
-1,-1
243326,14
-1,-1
-1,-1
-1,-1
-1,-1
-1,-1
-1,-1
-1,-1
-1,-1
-1,0
-1,-1
-1,-1
-1,-1
-1,-1
-1,-1
-1,-1
-1,-1
-1,-1
-1,-1
-1,-1
-1,-1
-1,-1
-1,-1
-1,-1
-1,-1
-1,-1
-1,-1
-1,-1
-1,-1
-1,-1
-1,-1
-1,-1
-1,-1
-1,-1
-1,-1
-1,-1
-1,-1
-1,0
-1,0
-1,-1
-1,-1
-1,-1
-1,-1
-1,-1
-1,-1
-1,-1
-1,-1
112250,7
-1,-1
-1,-1
-1,-1
-1,-1
176110,50
-1,-1
-1,-1
-1,-1
-1,-1
-1,-1
-1,-1
-1,-1
-1,-1
-1,-1
-1,-1
-1,-1
-1,-1
-1,-1
-1,-1
-1,-1
-1,-1
-1,-1
117563,538
-1,-1
-1,-1
-1,-1
