311732,1330,20778810
267769,70,741325
282336,68,613669
285050,73,1046587
290294,72,982643
299139,66,516799
384540,44,57196
360052,61,330771
509893,50,109468
266271,71,882465
394109,56,187155
361785,66,510412
145931,99,13037079
370203,51,118861
355288,51,112843
365634,62,339776
326911,41,42686
280052,70,763476
403011,51,115218
322872,48,83017
383639,32,16633
305845,47,82407
392487,35,23757
319234,45,64567
-1,1,0
-1,-1
-1,-1
-1,-1
-1,-1
-1,-1
-1,-1
-1,-1
-1,-1
-1,-1
-1,-1
-1,-1
275111,1
-1,-1
-1,-1
-1,-1
-1,-1
-1,-1
243407,14
-1,-1
-1,-1
-1,-1
-1,-1
-1,-1
-1,-1
-1,-1
-1,-1
-1,0
-1,-1
-1,-1
-1,-1
-1,-1
-1,-1
-1,-1
-1,-1
-1,-1
-1,-1
-1,-1
-1,-1
-1,-1
-1,-1
-1,-1
-1,-1
-1,-1
-1,-1
-1,-1
-1,-1
-1,-1
-1,-1
-1,-1
-1,-1
-1,-1
-1,-1
-1,-1
-1,-1
-1,0
-1,0
-1,-1
-1,-1
-1,-1
-1,-1
-1,-1
-1,-1
-1,-1
-1,-1
112292,7
-1,-1
-1,-1
-1,-1
-1,-1
176166,50
-1,-1
-1,-1
-1,-1
-1,-1
-1,-1
-1,-1
-1,-1
-1,-1
-1,-1
-1,-1
-1,-1
-1,-1
-1,-1
-1,-1
-1,-1
-1,-1
-1,-1
117580,538
-1,-1
-1,-1
-1,-1
