311615,1330,20778810
267687,70,741325
282205,68,613669
284951,73,1046587
290200,72,982643
299027,66,516799
384405,44,57196
359949,61,330771
509746,50,109468
266189,71,882465
393992,56,187155
361704,66,510412
145907,99,13037079
370083,51,118861
355176,51,112843
365496,62,339776
326800,41,42686
279966,70,763476
402878,51,115218
322774,48,83017
383508,32,16633
305748,47,82407
392385,35,23757
319140,45,64567
-1,1,0
-1,-1
-1,-1
-1,-1
-1,-1
-1,-1
-1,-1
-1,-1
-1,-1
-1,-1
-1,-1
-1,-1
275036,1
-1,-1
-1,-1
-1,-1
-1,-1
-1,-1
243322,14
-1,-1
-1,-1
-1,-1
-1,-1
-1,-1
-1,-1
-1,-1
-1,-1
-1,0
-1,-1
-1,-1
-1,-1
-1,-1
-1,-1
-1,-1
-1,-1
-1,-1
-1,-1
-1,-1
-1,-1
-1,-1
-1,-1
-1,-1
-1,-1
-1,-1
-1,-1
-1,-1
-1,-1
-1,-1
-1,-1
-1,-1
-1,-1
-1,-1
-1,-1
-1,-1
-1,-1
-1,0
-1,0
-1,-1
-1,-1
-1,-1
-1,-1
-1,-1
-1,-1
-1,-1
-1,-1
112240,7
-1,-1
-1,-1
-1,-1
-1,-1
176101,50
-1,-1
-1,-1
-1,-1
-1,-1
-1,-1
-1,-1
-1,-1
-1,-1
-1,-1
-1,-1
-1,-1
-1,-1
-1,-1
-1,-1
-1,-1
-1,-1
-1,-1
117560,538
-1,-1
-1,-1
-1,-1
