311607,1330,20778810
267682,70,741325
282196,68,613669
284933,73,1046587
290198,72,982643
299010,66,516799
384384,44,57196
359938,61,330771
509721,50,109468
266177,71,882465
393985,56,187155
361694,66,510412
145906,99,13037079
370073,51,118861
355164,51,112843
365478,62,339776
326790,41,42686
279951,70,763476
402859,51,115218
322760,48,83017
383496,32,16633
305729,47,82407
392370,35,23757
319129,45,64567
-1,1,0
-1,-1
-1,-1
-1,-1
-1,-1
-1,-1
-1,-1
-1,-1
-1,-1
-1,-1
-1,-1
-1,-1
275027,1
-1,-1
-1,-1
-1,-1
-1,-1
-1,-1
243299,14
-1,-1
-1,-1
-1,-1
-1,-1
-1,-1
-1,-1
-1,-1
-1,-1
-1,0
-1,-1
-1,-1
-1,-1
-1,-1
-1,-1
-1,-1
-1,-1
-1,-1
-1,-1
-1,-1
-1,-1
-1,-1
-1,-1
-1,-1
-1,-1
-1,-1
-1,-1
-1,-1
-1,-1
-1,-1
-1,-1
-1,-1
-1,-1
-1,-1
-1,-1
-1,-1
-1,-1
-1,0
-1,0
-1,-1
-1,-1
-1,-1
-1,-1
-1,-1
-1,-1
-1,-1
-1,-1
112232,7
-1,-1
-1,-1
-1,-1
-1,-1
176090,50
-1,-1
-1,-1
-1,-1
-1,-1
-1,-1
-1,-1
-1,-1
-1,-1
-1,-1
-1,-1
-1,-1
-1,-1
-1,-1
-1,-1
-1,-1
-1,-1
-1,-1
117558,538
-1,-1
-1,-1
-1,-1
