316196,1330,20778810
272097,70,741325
286842,68,613669
289530,73,1046587
294884,72,982643
303350,66,516799
390017,44,57196
365042,61,330771
515957,50,109468
270177,71,882465
398898,56,187155
366173,66,510412
147233,99,13037079
375098,51,118861
360308,51,112843
370835,62,339776
331292,41,42686
284020,70,763476
408418,51,115218
327517,48,83017
388628,32,16633
310394,47,82407
396983,35,23757
323610,45,64567
-1,1,0
-1,-1
-1,-1
-1,-1
-1,-1
-1,-1
-1,-1
-1,-1
-1,-1
-1,-1
-1,-1
-1,-1
278196,1
-1,-1
-1,-1
-1,-1
-1,-1
-1,-1
247694,14
-1,-1
-1,-1
-1,-1
-1,-1
-1,-1
-1,-1
-1,-1
-1,-1
-1,0
-1,-1
-1,-1
-1,-1
-1,-1
-1,-1
-1,-1
-1,-1
-1,-1
-1,-1
-1,-1
-1,-1
-1,-1
-1,-1
-1,-1
-1,-1
-1,-1
-1,-1
-1,-1
-1,-1
-1,-1
-1,-1
-1,-1
-1,-1
-1,-1
-1,-1
-1,-1
-1,-1
-1,0
-1,0
-1,-1
-1,-1
-1,-1
-1,-1
-1,-1
-1,-1
-1,-1
-1,-1
115218,7
-1,-1
-1,-1
-1,-1
-1,-1
179310,50
-1,-1
-1,-1
-1,-1
-1,-1
-1,-1
-1,-1
-1,-1
-1,-1
-1,-1
-1,-1
-1,-1
-1,-1
-1,-1
-1,-1
-1,-1
-1,-1
-1,-1
118499,538
-1,-1
-1,-1
-1,-1
