311792,1330,20778810
267829,70,741325
282397,68,613669
285116,73,1046587
290347,72,982643
299208,66,516799
384630,44,57196
360129,61,330771
509984,50,109468
266329,71,882465
394187,56,187155
361857,66,510412
145954,99,13037079
370263,51,118861
355354,51,112843
365707,62,339776
326970,41,42686
280128,70,763476
403099,51,115218
322948,48,83017
383716,32,16633
305914,47,82407
392547,35,23757
319306,45,64567
-1,1,0
-1,-1
-1,-1
-1,-1
-1,-1
-1,-1
-1,-1
-1,-1
-1,-1
-1,-1
-1,-1
-1,-1
275147,1
-1,-1
-1,-1
-1,-1
-1,-1
-1,-1
243471,14
-1,-1
-1,-1
-1,-1
-1,-1
-1,-1
-1,-1
-1,-1
-1,-1
-1,0
-1,-1
-1,-1
-1,-1
-1,-1
-1,-1
-1,-1
-1,-1
-1,-1
-1,-1
-1,-1
-1,-1
-1,-1
-1,-1
-1,-1
-1,-1
-1,-1
-1,-1
-1,-1
-1,-1
-1,-1
-1,-1
-1,-1
-1,-1
-1,-1
-1,-1
-1,-1
-1,-1
-1,0
-1,0
-1,-1
-1,-1
-1,-1
-1,-1
-1,-1
-1,-1
-1,-1
-1,-1
112332,7
-1,-1
-1,-1
-1,-1
-1,-1
176227,50
-1,-1
-1,-1
-1,-1
-1,-1
-1,-1
-1,-1
-1,-1
-1,-1
-1,-1
-1,-1
-1,-1
-1,-1
-1,-1
-1,-1
-1,-1
-1,-1
-1,-1
117608,538
-1,-1
-1,-1
-1,-1
