311799,1330,20778810
267834,70,741325
282406,68,613669
285120,73,1046587
290347,72,982643
299215,66,516799
384636,44,57196
360132,61,330771
509992,50,109468
266330,71,882465
394187,56,187155
361862,66,510412
145949,99,13037079
370273,51,118861
355362,51,112843
365708,62,339776
326978,41,42686
280128,70,763476
403109,51,115218
322950,48,83017
383724,32,16633
305917,47,82407
392555,35,23757
319313,45,64567
-1,1,0
-1,-1
-1,-1
-1,-1
-1,-1
-1,-1
-1,-1
-1,-1
-1,-1
-1,-1
-1,-1
-1,-1
275149,1
-1,-1
-1,-1
-1,-1
-1,-1
-1,-1
243471,14
-1,-1
-1,-1
-1,-1
-1,-1
-1,-1
-1,-1
-1,-1
-1,-1
-1,0
-1,-1
-1,-1
-1,-1
-1,-1
-1,-1
-1,-1
-1,-1
-1,-1
-1,-1
-1,-1
-1,-1
-1,-1
-1,-1
-1,-1
-1,-1
-1,-1
-1,-1
-1,-1
-1,-1
-1,-1
-1,-1
-1,-1
-1,-1
-1,-1
-1,-1
-1,-1
-1,-1
-1,0
-1,0
-1,-1
-1,-1
-1,-1
-1,-1
-1,-1
-1,-1
-1,-1
-1,-1
112337,7
-1,-1
-1,-1
-1,-1
-1,-1
176226,50
-1,-1
-1,-1
-1,-1
-1,-1
-1,-1
-1,-1
-1,-1
-1,-1
-1,-1
-1,-1
-1,-1
-1,-1
-1,-1
-1,-1
-1,-1
-1,-1
-1,-1
117604,538
-1,-1
-1,-1
-1,-1
