311864,1330,20778810
267893,70,741325
282469,68,613669
285176,73,1046587
290415,72,982643
299273,66,516799
384708,44,57196
360210,61,330771
510071,50,109468
266376,71,882465
394253,56,187155
361921,66,510412
145973,99,13037079
370337,51,118861
355428,51,112843
365784,62,339776
327033,41,42686
280168,70,763476
403196,51,115218
323009,48,83017
383804,32,16633
305983,47,82407
392613,35,23757
319374,45,64567
-1,1,0
-1,-1
-1,-1
-1,-1
-1,-1
-1,-1
-1,-1
-1,-1
-1,-1
-1,-1
-1,-1
-1,-1
275191,1
-1,-1
-1,-1
-1,-1
-1,-1
-1,-1
243531,14
-1,-1
-1,-1
-1,-1
-1,-1
-1,-1
-1,-1
-1,-1
-1,-1
-1,0
-1,-1
-1,-1
-1,-1
-1,-1
-1,-1
-1,-1
-1,-1
-1,-1
-1,-1
-1,-1
-1,-1
-1,-1
-1,-1
-1,-1
-1,-1
-1,-1
-1,-1
-1,-1
-1,-1
-1,-1
-1,-1
-1,-1
-1,-1
-1,-1
-1,-1
-1,-1
-1,-1
-1,0
-1,0
-1,-1
-1,-1
-1,-1
-1,-1
-1,-1
-1,-1
-1,-1
-1,-1
112376,7
-1,-1
-1,-1
-1,-1
-1,-1
176259,50
-1,-1
-1,-1
-1,-1
-1,-1
-1,-1
-1,-1
-1,-1
-1,-1
-1,-1
-1,-1
-1,-1
-1,-1
-1,-1
-1,-1
-1,-1
-1,-1
-1,-1
117622,538
-1,-1
-1,-1
-1,-1
