316245,1330,20778810
272138,70,741325
286889,68,613669
289591,73,1046587
294936,72,982643
303399,66,516799
390083,44,57196
365097,61,330771
516019,50,109468
270221,71,882465
398952,56,187155
366219,66,510412
147260,99,13037079
375145,51,118861
360363,51,112843
370910,62,339776
331348,41,42686
284083,70,763476
408456,51,115218
327556,48,83017
388676,32,16633
310445,47,82407
397038,35,23757
323657,45,64567
-1,1,0
-1,-1
-1,-1
-1,-1
-1,-1
-1,-1
-1,-1
-1,-1
-1,-1
-1,-1
-1,-1
-1,-1
278242,1
-1,-1
-1,-1
-1,-1
-1,-1
-1,-1
247736,14
-1,-1
-1,-1
-1,-1
-1,-1
-1,-1
-1,-1
-1,-1
-1,-1
-1,0
-1,-1
-1,-1
-1,-1
-1,-1
-1,-1
-1,-1
-1,-1
-1,-1
-1,-1
-1,-1
-1,-1
-1,-1
-1,-1
-1,-1
-1,-1
-1,-1
-1,-1
-1,-1
-1,-1
-1,-1
-1,-1
-1,-1
-1,-1
-1,-1
-1,-1
-1,-1
-1,-1
-1,0
-1,0
-1,-1
-1,-1
-1,-1
-1,-1
-1,-1
-1,-1
-1,-1
-1,-1
115255,7
-1,-1
-1,-1
-1,-1
-1,-1
179343,50
-1,-1
-1,-1
-1,-1
-1,-1
-1,-1
-1,-1
-1,-1
-1,-1
-1,-1
-1,-1
-1,-1
-1,-1
-1,-1
-1,-1
-1,-1
-1,-1
-1,-1
118516,538
-1,-1
-1,-1
-1,-1
