307476,1330,20778810
263775,70,741325
278208,68,613669
280633,73,1046587
286105,72,982643
295307,66,516799
378934,44,57196
355152,61,330771
503237,50,109468
262301,71,882465
389460,56,187155
357647,66,510412
144697,99,13037079
365481,51,118861
350402,51,112843
360232,62,339776
322758,41,42686
276134,70,763476
395229,51,115218
318731,48,83017
378634,32,16633
301060,47,82407
386720,35,23757
314677,45,64567
-1,1,0
-1,-1
-1,-1
-1,-1
-1,-1
-1,-1
-1,-1
-1,-1
-1,-1
-1,-1
-1,-1
-1,-1
272305,1
-1,-1
-1,-1
-1,-1
-1,-1
-1,-1
239146,14
-1,-1
-1,-1
-1,-1
-1,-1
-1,-1
-1,-1
-1,-1
-1,-1
-1,0
-1,-1
-1,-1
-1,-1
-1,-1
-1,-1
-1,-1
-1,-1
-1,-1
-1,-1
-1,-1
-1,-1
-1,-1
-1,-1
-1,-1
-1,-1
-1,-1
-1,-1
-1,-1
-1,-1
-1,-1
-1,-1
-1,-1
-1,-1
-1,-1
-1,-1
-1,-1
-1,-1
-1,-1
-1,0
-1,-1
-1,-1
-1,-1
-1,-1
-1,-1
-1,-1
-1,-1
109306,7
-1,-1
-1,-1
-1,-1
-1,-1
172946,50
-1,-1
-1,-1
-1,-1
-1,-1
-1,-1
-1,-1
-1,-1
-1,-1
-1,-1
-1,-1
-1,-1
-1,-1
-1,-1
-1,-1
-1,-1
-1,-1
-1,-1
116680,538
-1,-1
-1,-1
-1,-1
