307517,1330,20778810
263802,70,741325
278238,68,613669
280675,73,1046587
286132,72,982643
295344,66,516799
378982,44,57196
355194,61,330771
503287,50,109468
262341,71,882465
389502,56,187155
357687,66,510412
144711,99,13037079
365521,51,118861
350447,51,112843
360282,62,339776
322792,41,42686
276173,70,763476
395304,51,115218
318760,48,83017
378678,32,16633
301101,47,82407
386761,35,23757
314713,45,64567
-1,1,0
-1,-1
-1,-1
-1,-1
-1,-1
-1,-1
-1,-1
-1,-1
-1,-1
-1,-1
-1,-1
-1,-1
272334,1
-1,-1
-1,-1
-1,-1
-1,-1
-1,-1
239193,14
-1,-1
-1,-1
-1,-1
-1,-1
-1,-1
-1,-1
-1,-1
-1,-1
-1,0
-1,-1
-1,-1
-1,-1
-1,-1
-1,-1
-1,-1
-1,-1
-1,-1
-1,-1
-1,-1
-1,-1
-1,-1
-1,-1
-1,-1
-1,-1
-1,-1
-1,-1
-1,-1
-1,-1
-1,-1
-1,-1
-1,-1
-1,-1
-1,-1
-1,-1
-1,-1
-1,-1
-1,-1
-1,0
-1,-1
-1,-1
-1,-1
-1,-1
-1,-1
-1,-1
-1,-1
109340,7
-1,-1
-1,-1
-1,-1
-1,-1
172972,50
-1,-1
-1,-1
-1,-1
-1,-1
-1,-1
-1,-1
-1,-1
-1,-1
-1,-1
-1,-1
-1,-1
-1,-1
-1,-1
-1,-1
-1,-1
-1,-1
-1,-1
116684,538
-1,-1
-1,-1
-1,-1
