311792,1330,20778810
267827,70,741325
282400,68,613669
285113,73,1046587
290342,72,982643
299205,66,516799
384631,44,57196
360124,61,330771
509983,50,109468
266326,71,882465
394181,56,187155
361855,66,510412
145947,99,13037079
370260,51,118861
355352,51,112843
365703,62,339776
326970,41,42686
280122,70,763476
403097,51,115218
322947,48,83017
383716,32,16633
305908,47,82407
392546,35,23757
319302,45,64567
-1,1,0
-1,-1
-1,-1
-1,-1
-1,-1
-1,-1
-1,-1
-1,-1
-1,-1
-1,-1
-1,-1
-1,-1
275146,1
-1,-1
-1,-1
-1,-1
-1,-1
-1,-1
243463,14
-1,-1
-1,-1
-1,-1
-1,-1
-1,-1
-1,-1
-1,-1
-1,-1
-1,0
-1,-1
-1,-1
-1,-1
-1,-1
-1,-1
-1,-1
-1,-1
-1,-1
-1,-1
-1,-1
-1,-1
-1,-1
-1,-1
-1,-1
-1,-1
-1,-1
-1,-1
-1,-1
-1,-1
-1,-1
-1,-1
-1,-1
-1,-1
-1,-1
-1,-1
-1,-1
-1,-1
-1,0
-1,0
-1,-1
-1,-1
-1,-1
-1,-1
-1,-1
-1,-1
-1,-1
-1,-1
112333,7
-1,-1
-1,-1
-1,-1
-1,-1
176223,50
-1,-1
-1,-1
-1,-1
-1,-1
-1,-1
-1,-1
-1,-1
-1,-1
-1,-1
-1,-1
-1,-1
-1,-1
-1,-1
-1,-1
-1,-1
-1,-1
-1,-1
117601,538
-1,-1
-1,-1
-1,-1
