311753,1330,20778810
267791,70,741325
282366,68,613669
285080,73,1046587
290318,72,982643
299167,66,516799
384570,44,57196
360088,61,330771
509936,50,109468
266299,71,882465
394146,56,187155
361811,66,510412
145939,99,13037079
370224,51,118861
355323,51,112843
365664,62,339776
326940,41,42686
280082,70,763476
403048,51,115218
322910,48,83017
383667,32,16633
305867,47,82407
392509,35,23757
319267,45,64567
-1,1,0
-1,-1
-1,-1
-1,-1
-1,-1
-1,-1
-1,-1
-1,-1
-1,-1
-1,-1
-1,-1
-1,-1
275123,1
-1,-1
-1,-1
-1,-1
-1,-1
-1,-1
243435,14
-1,-1
-1,-1
-1,-1
-1,-1
-1,-1
-1,-1
-1,-1
-1,-1
-1,0
-1,-1
-1,-1
-1,-1
-1,-1
-1,-1
-1,-1
-1,-1
-1,-1
-1,-1
-1,-1
-1,-1
-1,-1
-1,-1
-1,-1
-1,-1
-1,-1
-1,-1
-1,-1
-1,-1
-1,-1
-1,-1
-1,-1
-1,-1
-1,-1
-1,-1
-1,-1
-1,-1
-1,0
-1,0
-1,-1
-1,-1
-1,-1
-1,-1
-1,-1
-1,-1
-1,-1
-1,-1
112309,7
-1,-1
-1,-1
-1,-1
-1,-1
176190,50
-1,-1
-1,-1
-1,-1
-1,-1
-1,-1
-1,-1
-1,-1
-1,-1
-1,-1
-1,-1
-1,-1
-1,-1
-1,-1
-1,-1
-1,-1
-1,-1
-1,-1
117590,538
-1,-1
-1,-1
-1,-1
