311772,1330,20778810
267810,70,741325
282382,68,613669
285095,73,1046587
290323,72,982643
299183,66,516799
384605,44,57196
360106,61,330771
509955,50,109468
266309,71,882465
394166,56,187155
361830,66,510412
145948,99,13037079
370239,51,118861
355336,51,112843
365685,62,339776
326953,41,42686
280098,70,763476
403069,51,115218
322926,48,83017
383684,32,16633
305889,47,82407
392524,35,23757
319288,45,64567
-1,1,0
-1,-1
-1,-1
-1,-1
-1,-1
-1,-1
-1,-1
-1,-1
-1,-1
-1,-1
-1,-1
-1,-1
275133,1
-1,-1
-1,-1
-1,-1
-1,-1
-1,-1
243448,14
-1,-1
-1,-1
-1,-1
-1,-1
-1,-1
-1,-1
-1,-1
-1,-1
-1,0
-1,-1
-1,-1
-1,-1
-1,-1
-1,-1
-1,-1
-1,-1
-1,-1
-1,-1
-1,-1
-1,-1
-1,-1
-1,-1
-1,-1
-1,-1
-1,-1
-1,-1
-1,-1
-1,-1
-1,-1
-1,-1
-1,-1
-1,-1
-1,-1
-1,-1
-1,-1
-1,-1
-1,0
-1,0
-1,-1
-1,-1
-1,-1
-1,-1
-1,-1
-1,-1
-1,-1
-1,-1
112321,7
-1,-1
-1,-1
-1,-1
-1,-1
176206,50
-1,-1
-1,-1
-1,-1
-1,-1
-1,-1
-1,-1
-1,-1
-1,-1
-1,-1
-1,-1
-1,-1
-1,-1
-1,-1
-1,-1
-1,-1
-1,-1
-1,-1
117598,538
-1,-1
-1,-1
-1,-1
