316194,1330,20778810
272137,70,741325
286867,68,613669
289564,73,1046587
294922,72,982643
303396,66,516799
390060,44,57196
365027,61,330771
515880,50,109468
270204,71,882465
398741,56,187155
366151,66,510412
147063,99,13037079
375057,51,118861
360322,51,112843
370765,62,339776
331323,41,42686
283868,70,763476
408325,51,115218
327553,48,83017
388591,32,16633
310362,47,82407
396943,35,23757
323576,45,64567
-1,1,0
-1,-1
-1,-1
-1,-1
-1,-1
-1,-1
-1,-1
-1,-1
-1,-1
-1,-1
-1,-1
-1,-1
278265,1
-1,-1
-1,-1
-1,-1
-1,-1
-1,-1
247666,14
-1,-1
-1,-1
-1,-1
-1,-1
-1,-1
-1,-1
-1,-1
-1,-1
-1,0
-1,-1
-1,-1
-1,-1
-1,-1
-1,-1
-1,-1
-1,-1
-1,-1
-1,-1
-1,-1
-1,-1
-1,-1
-1,-1
-1,-1
-1,-1
-1,-1
-1,-1
-1,-1
-1,-1
-1,-1
-1,-1
-1,-1
-1,-1
-1,-1
-1,-1
-1,-1
-1,-1
-1,0
-1,0
-1,-1
-1,-1
-1,-1
-1,-1
-1,-1
-1,-1
-1,-1
-1,-1
115279,7
-1,-1
-1,-1
-1,-1
-1,-1
179274,50
-1,-1
-1,-1
-1,-1
-1,-1
-1,-1
-1,-1
-1,-1
-1,-1
-1,-1
-1,-1
-1,-1
-1,-1
-1,-1
-1,-1
-1,-1
-1,-1
-1,-1
118301,538
-1,-1
-1,-1
-1,-1
