307450,1330,20778810
263758,70,741325
278189,68,613669
280615,73,1046587
286086,72,982643
295286,66,516799
378907,44,57196
355128,61,330771
503213,50,109468
262292,71,882465
389438,56,187155
357629,66,510412
144698,99,13037079
365458,51,118861
350368,51,112843
360208,62,339776
322738,41,42686
276119,70,763476
395187,51,115218
318711,48,83017
378620,32,16633
301042,47,82407
386705,35,23757
314659,45,64567
-1,1,0
-1,-1
-1,-1
-1,-1
-1,-1
-1,-1
-1,-1
-1,-1
-1,-1
-1,-1
-1,-1
-1,-1
272292,1
-1,-1
-1,-1
-1,-1
-1,-1
-1,-1
239126,14
-1,-1
-1,-1
-1,-1
-1,-1
-1,-1
-1,-1
-1,-1
-1,-1
-1,0
-1,-1
-1,-1
-1,-1
-1,-1
-1,-1
-1,-1
-1,-1
-1,-1
-1,-1
-1,-1
-1,-1
-1,-1
-1,-1
-1,-1
-1,-1
-1,-1
-1,-1
-1,-1
-1,-1
-1,-1
-1,-1
-1,-1
-1,-1
-1,-1
-1,-1
-1,-1
-1,-1
-1,-1
-1,0
-1,-1
-1,-1
-1,-1
-1,-1
-1,-1
-1,-1
-1,-1
109289,7
-1,-1
-1,-1
-1,-1
-1,-1
172931,50
-1,-1
-1,-1
-1,-1
-1,-1
-1,-1
-1,-1
-1,-1
-1,-1
-1,-1
-1,-1
-1,-1
-1,-1
-1,-1
-1,-1
-1,-1
-1,-1
-1,-1
116679,538
-1,-1
-1,-1
-1,-1
