311840,1330,20778810
267870,70,741325
282444,68,613669
285148,73,1046587
290393,72,982643
299247,66,516799
384681,44,57196
360178,61,330771
510040,50,109468
266354,71,882465
394218,56,187155
361898,66,510412
145962,99,13037079
370311,51,118861
355400,51,112843
365753,62,339776
327010,41,42686
280151,70,763476
403154,51,115218
322987,48,83017
383779,32,16633
305958,47,82407
392594,35,23757
319347,45,64567
-1,1,0
-1,-1
-1,-1
-1,-1
-1,-1
-1,-1
-1,-1
-1,-1
-1,-1
-1,-1
-1,-1
-1,-1
275174,1
-1,-1
-1,-1
-1,-1
-1,-1
-1,-1
243511,14
-1,-1
-1,-1
-1,-1
-1,-1
-1,-1
-1,-1
-1,-1
-1,-1
-1,0
-1,-1
-1,-1
-1,-1
-1,-1
-1,-1
-1,-1
-1,-1
-1,-1
-1,-1
-1,-1
-1,-1
-1,-1
-1,-1
-1,-1
-1,-1
-1,-1
-1,-1
-1,-1
-1,-1
-1,-1
-1,-1
-1,-1
-1,-1
-1,-1
-1,-1
-1,-1
-1,-1
-1,0
-1,0
-1,-1
-1,-1
-1,-1
-1,-1
-1,-1
-1,-1
-1,-1
-1,-1
112361,7
-1,-1
-1,-1
-1,-1
-1,-1
176239,50
-1,-1
-1,-1
-1,-1
-1,-1
-1,-1
-1,-1
-1,-1
-1,-1
-1,-1
-1,-1
-1,-1
-1,-1
-1,-1
-1,-1
-1,-1
-1,-1
-1,-1
117614,538
-1,-1
-1,-1
-1,-1
