311744,1330,20778810
267785,70,741325
282356,68,613669
285073,73,1046587
290310,72,982643
299156,66,516799
384558,44,57196
360073,61,330771
509919,50,109468
266287,71,882465
394136,56,187155
361802,66,510412
145935,99,13037079
370217,51,118861
355311,51,112843
365657,62,339776
326929,41,42686
280069,70,763476
403036,51,115218
322895,48,83017
383661,32,16633
305861,47,82407
392498,35,23757
319254,45,64567
-1,1,0
-1,-1
-1,-1
-1,-1
-1,-1
-1,-1
-1,-1
-1,-1
-1,-1
-1,-1
-1,-1
-1,-1
275118,1
-1,-1
-1,-1
-1,-1
-1,-1
-1,-1
243428,14
-1,-1
-1,-1
-1,-1
-1,-1
-1,-1
-1,-1
-1,-1
-1,-1
-1,0
-1,-1
-1,-1
-1,-1
-1,-1
-1,-1
-1,-1
-1,-1
-1,-1
-1,-1
-1,-1
-1,-1
-1,-1
-1,-1
-1,-1
-1,-1
-1,-1
-1,-1
-1,-1
-1,-1
-1,-1
-1,-1
-1,-1
-1,-1
-1,-1
-1,-1
-1,-1
-1,-1
-1,0
-1,0
-1,-1
-1,-1
-1,-1
-1,-1
-1,-1
-1,-1
-1,-1
-1,-1
112304,7
-1,-1
-1,-1
-1,-1
-1,-1
176183,50
-1,-1
-1,-1
-1,-1
-1,-1
-1,-1
-1,-1
-1,-1
-1,-1
-1,-1
-1,-1
-1,-1
-1,-1
-1,-1
-1,-1
-1,-1
-1,-1
-1,-1
117586,538
-1,-1
-1,-1
-1,-1
