307494,1330,20778810
263783,70,741325
278218,68,613669
280648,73,1046587
286117,72,982643
295323,66,516799
378955,44,57196
355174,61,330771
503264,50,109468
262317,71,882465
389488,56,187155
357660,66,510412
144705,99,13037079
365496,51,118861
350419,51,112843
360252,62,339776
322779,41,42686
276150,70,763476
395263,51,115218
318743,48,83017
378662,32,16633
301080,47,82407
386743,35,23757
314699,45,64567
-1,1,0
-1,-1
-1,-1
-1,-1
-1,-1
-1,-1
-1,-1
-1,-1
-1,-1
-1,-1
-1,-1
-1,-1
272320,1
-1,-1
-1,-1
-1,-1
-1,-1
-1,-1
239171,14
-1,-1
-1,-1
-1,-1
-1,-1
-1,-1
-1,-1
-1,-1
-1,-1
-1,0
-1,-1
-1,-1
-1,-1
-1,-1
-1,-1
-1,-1
-1,-1
-1,-1
-1,-1
-1,-1
-1,-1
-1,-1
-1,-1
-1,-1
-1,-1
-1,-1
-1,-1
-1,-1
-1,-1
-1,-1
-1,-1
-1,-1
-1,-1
-1,-1
-1,-1
-1,-1
-1,-1
-1,-1
-1,0
-1,-1
-1,-1
-1,-1
-1,-1
-1,-1
-1,-1
-1,-1
109323,7
-1,-1
-1,-1
-1,-1
-1,-1
172959,50
-1,-1
-1,-1
-1,-1
-1,-1
-1,-1
-1,-1
-1,-1
-1,-1
-1,-1
-1,-1
-1,-1
-1,-1
-1,-1
-1,-1
-1,-1
-1,-1
-1,-1
116683,538
-1,-1
-1,-1
-1,-1
