311934,1330,20778810
267973,70,741325
282547,68,613669
285240,73,1046587
290505,72,982643
299344,66,516799
384828,44,57196
360295,61,330771
510198,50,109468
266452,71,882465
394337,56,187155
362028,66,510412
146000,99,13037079
370430,51,118861
355519,51,112843
365883,62,339776
327122,41,42686
280234,70,763476
403333,51,115218
323094,48,83017
383914,32,16633
306084,47,82407
392716,35,23757
319432,45,64567
-1,1,0
-1,-1
-1,-1
-1,-1
-1,-1
-1,-1
-1,-1
-1,-1
-1,-1
-1,-1
-1,-1
-1,-1
275248,1
-1,-1
-1,-1
-1,-1
-1,-1
-1,-1
243622,14
-1,-1
-1,-1
-1,-1
-1,-1
-1,-1
-1,-1
-1,-1
-1,-1
-1,0
-1,-1
-1,-1
-1,-1
-1,-1
-1,-1
-1,-1
-1,-1
-1,-1
-1,-1
-1,-1
-1,-1
-1,-1
-1,-1
-1,-1
-1,-1
-1,-1
-1,-1
-1,-1
-1,-1
-1,-1
-1,-1
-1,-1
-1,-1
-1,-1
-1,-1
-1,-1
-1,-1
-1,0
-1,0
-1,-1
-1,-1
-1,-1
-1,-1
-1,-1
-1,-1
-1,-1
-1,-1
112420,7
-1,-1
-1,-1
-1,-1
-1,-1
176319,50
-1,-1
-1,-1
-1,-1
-1,-1
-1,-1
-1,-1
-1,-1
-1,-1
-1,-1
-1,-1
-1,-1
-1,-1
-1,-1
-1,-1
-1,-1
-1,-1
-1,-1
117642,538
-1,-1
-1,-1
-1,-1
