311965,1330,20778810
268000,70,741325
282570,68,613669
285269,73,1046587
290532,72,982643
299373,66,516799
384852,44,57196
360313,61,330771
510233,50,109468
266474,71,882465
394364,56,187155
362052,66,510412
146012,99,13037079
370458,51,118861
355550,51,112843
365922,62,339776
327150,41,42686
280247,70,763476
403364,51,115218
323116,48,83017
383952,32,16633
306104,47,82407
392750,35,23757
319455,45,64567
-1,1,0
-1,-1
-1,-1
-1,-1
-1,-1
-1,-1
-1,-1
-1,-1
-1,-1
-1,-1
-1,-1
-1,-1
275256,1
-1,-1
-1,-1
-1,-1
-1,-1
-1,-1
243647,14
-1,-1
-1,-1
-1,-1
-1,-1
-1,-1
-1,-1
-1,-1
-1,-1
-1,0
-1,-1
-1,-1
-1,-1
-1,-1
-1,-1
-1,-1
-1,-1
-1,-1
-1,-1
-1,-1
-1,-1
-1,-1
-1,-1
-1,-1
-1,-1
-1,-1
-1,-1
-1,-1
-1,-1
-1,-1
-1,-1
-1,-1
-1,-1
-1,-1
-1,-1
-1,-1
-1,-1
-1,0
-1,0
-1,-1
-1,-1
-1,-1
-1,-1
-1,-1
-1,-1
-1,-1
-1,-1
112441,7
-1,-1
-1,-1
-1,-1
-1,-1
176335,50
-1,-1
-1,-1
-1,-1
-1,-1
-1,-1
-1,-1
-1,-1
-1,-1
-1,-1
-1,-1
-1,-1
-1,-1
-1,-1
-1,-1
-1,-1
-1,-1
-1,-1
117642,538
-1,-1
-1,-1
-1,-1
