311925,1330,20778810
267968,70,741325
282538,68,613669
285234,73,1046587
290493,72,982643
299328,66,516799
384819,44,57196
360290,61,330771
510191,50,109468
266446,71,882465
394325,56,187155
362015,66,510412
145998,99,13037079
370423,51,118861
355506,51,112843
365868,62,339776
327111,41,42686
280229,70,763476
403320,51,115218
323081,48,83017
383901,32,16633
306079,47,82407
392708,35,23757
319424,45,64567
-1,1,0
-1,-1
-1,-1
-1,-1
-1,-1
-1,-1
-1,-1
-1,-1
-1,-1
-1,-1
-1,-1
-1,-1
275242,1
-1,-1
-1,-1
-1,-1
-1,-1
-1,-1
243614,14
-1,-1
-1,-1
-1,-1
-1,-1
-1,-1
-1,-1
-1,-1
-1,-1
-1,0
-1,-1
-1,-1
-1,-1
-1,-1
-1,-1
-1,-1
-1,-1
-1,-1
-1,-1
-1,-1
-1,-1
-1,-1
-1,-1
-1,-1
-1,-1
-1,-1
-1,-1
-1,-1
-1,-1
-1,-1
-1,-1
-1,-1
-1,-1
-1,-1
-1,-1
-1,-1
-1,-1
-1,0
-1,0
-1,-1
-1,-1
-1,-1
-1,-1
-1,-1
-1,-1
-1,-1
-1,-1
112415,7
-1,-1
-1,-1
-1,-1
-1,-1
176309,50
-1,-1
-1,-1
-1,-1
-1,-1
-1,-1
-1,-1
-1,-1
-1,-1
-1,-1
-1,-1
-1,-1
-1,-1
-1,-1
-1,-1
-1,-1
-1,-1
-1,-1
117639,538
-1,-1
-1,-1
-1,-1
