316242,1330,20778810
272179,70,741325
286922,68,613669
289608,73,1046587
294963,72,982643
303450,66,516799
390109,44,57196
365081,61,330771
515941,50,109468
270241,71,882465
398801,56,187155
366191,66,510412
147082,99,13037079
375110,51,118861
360366,51,112843
370805,62,339776
331376,41,42686
283898,70,763476
408384,51,115218
327585,48,83017
388641,32,16633
310409,47,82407
396991,35,23757
323621,45,64567
-1,1,0
-1,-1
-1,-1
-1,-1
-1,-1
-1,-1
-1,-1
-1,-1
-1,-1
-1,-1
-1,-1
-1,-1
278294,1
-1,-1
-1,-1
-1,-1
-1,-1
-1,-1
247704,14
-1,-1
-1,-1
-1,-1
-1,-1
-1,-1
-1,-1
-1,-1
-1,-1
-1,0
-1,-1
-1,-1
-1,-1
-1,-1
-1,-1
-1,-1
-1,-1
-1,-1
-1,-1
-1,-1
-1,-1
-1,-1
-1,-1
-1,-1
-1,-1
-1,-1
-1,-1
-1,-1
-1,-1
-1,-1
-1,-1
-1,-1
-1,-1
-1,-1
-1,-1
-1,-1
-1,-1
-1,0
-1,0
-1,-1
-1,-1
-1,-1
-1,-1
-1,-1
-1,-1
-1,-1
-1,-1
115313,7
-1,-1
-1,-1
-1,-1
-1,-1
179307,50
-1,-1
-1,-1
-1,-1
-1,-1
-1,-1
-1,-1
-1,-1
-1,-1
-1,-1
-1,-1
-1,-1
-1,-1
-1,-1
-1,-1
-1,-1
-1,-1
-1,-1
118313,538
-1,-1
-1,-1
-1,-1
