316333,1330,20778810
272260,70,741325
287021,68,613669
289742,73,1046587
295066,72,982643
303551,66,516799
390224,44,57196
365184,61,330771
516074,50,109468
270328,71,882465
398922,56,187155
366297,66,510412
147126,99,13037079
375248,51,118861
360485,51,112843
370929,62,339776
331475,41,42686
284013,70,763476
408514,51,115218
327710,48,83017
388750,32,16633
310530,47,82407
397088,35,23757
323731,45,64567
-1,1,0
-1,-1
-1,-1
-1,-1
-1,-1
-1,-1
-1,-1
-1,-1
-1,-1
-1,-1
-1,-1
-1,-1
278382,1
-1,-1
-1,-1
-1,-1
-1,-1
-1,-1
247812,14
-1,-1
-1,-1
-1,-1
-1,-1
-1,-1
-1,-1
-1,-1
-1,-1
-1,0
-1,-1
-1,-1
-1,-1
-1,-1
-1,-1
-1,-1
-1,-1
-1,-1
-1,-1
-1,-1
-1,-1
-1,-1
-1,-1
-1,-1
-1,-1
-1,-1
-1,-1
-1,-1
-1,-1
-1,-1
-1,-1
-1,-1
-1,-1
-1,-1
-1,-1
-1,-1
-1,-1
-1,0
-1,0
-1,-1
-1,-1
-1,-1
-1,-1
-1,-1
-1,-1
-1,-1
-1,-1
115386,7
-1,-1
-1,-1
-1,-1
-1,-1
179394,50
-1,-1
-1,-1
-1,-1
-1,-1
-1,-1
-1,-1
-1,-1
-1,-1
-1,-1
-1,-1
-1,-1
-1,-1
-1,-1
-1,-1
-1,-1
-1,-1
-1,-1
118345,538
-1,-1
-1,-1
-1,-1
