311924,1330,20778810
267964,70,741325
282533,68,613669
285232,73,1046587
290490,72,982643
299326,66,516799
384813,44,57196
360286,61,330771
510184,50,109468
266443,71,882465
394322,56,187155
362010,66,510412
145997,99,13037079
370418,51,118861
355503,51,112843
365863,62,339776
327105,41,42686
280225,70,763476
403313,51,115218
323075,48,83017
383897,32,16633
306073,47,82407
392703,35,23757
319422,45,64567
-1,1,0
-1,-1
-1,-1
-1,-1
-1,-1
-1,-1
-1,-1
-1,-1
-1,-1
-1,-1
-1,-1
-1,-1
275241,1
-1,-1
-1,-1
-1,-1
-1,-1
-1,-1
243608,14
-1,-1
-1,-1
-1,-1
-1,-1
-1,-1
-1,-1
-1,-1
-1,-1
-1,0
-1,-1
-1,-1
-1,-1
-1,-1
-1,-1
-1,-1
-1,-1
-1,-1
-1,-1
-1,-1
-1,-1
-1,-1
-1,-1
-1,-1
-1,-1
-1,-1
-1,-1
-1,-1
-1,-1
-1,-1
-1,-1
-1,-1
-1,-1
-1,-1
-1,-1
-1,-1
-1,-1
-1,0
-1,0
-1,-1
-1,-1
-1,-1
-1,-1
-1,-1
-1,-1
-1,-1
-1,-1
112412,7
-1,-1
-1,-1
-1,-1
-1,-1
176307,50
-1,-1
-1,-1
-1,-1
-1,-1
-1,-1
-1,-1
-1,-1
-1,-1
-1,-1
-1,-1
-1,-1
-1,-1
-1,-1
-1,-1
-1,-1
-1,-1
-1,-1
117639,538
-1,-1
-1,-1
-1,-1
