316290,1330,20778810
272220,70,741325
286971,68,613669
289682,73,1046587
295011,72,982643
303499,66,516799
390162,44,57196
365133,61,330771
516004,50,109468
270287,71,882465
398863,56,187155
366244,66,510412
147106,99,13037079
375172,51,118861
360428,51,112843
370877,62,339776
331426,41,42686
283964,70,763476
408460,51,115218
327654,48,83017
388684,32,16633
310472,47,82407
397041,35,23757
323679,45,64567
-1,1,0
-1,-1
-1,-1
-1,-1
-1,-1
-1,-1
-1,-1
-1,-1
-1,-1
-1,-1
-1,-1
-1,-1
278337,1
-1,-1
-1,-1
-1,-1
-1,-1
-1,-1
247758,14
-1,-1
-1,-1
-1,-1
-1,-1
-1,-1
-1,-1
-1,-1
-1,-1
-1,0
-1,-1
-1,-1
-1,-1
-1,-1
-1,-1
-1,-1
-1,-1
-1,-1
-1,-1
-1,-1
-1,-1
-1,-1
-1,-1
-1,-1
-1,-1
-1,-1
-1,-1
-1,-1
-1,-1
-1,-1
-1,-1
-1,-1
-1,-1
-1,-1
-1,-1
-1,-1
-1,-1
-1,0
-1,0
-1,-1
-1,-1
-1,-1
-1,-1
-1,-1
-1,-1
-1,-1
-1,-1
115352,7
-1,-1
-1,-1
-1,-1
-1,-1
179352,50
-1,-1
-1,-1
-1,-1
-1,-1
-1,-1
-1,-1
-1,-1
-1,-1
-1,-1
-1,-1
-1,-1
-1,-1
-1,-1
-1,-1
-1,-1
-1,-1
-1,-1
118330,538
-1,-1
-1,-1
-1,-1
