307603,1330,20778810
263862,70,741325
278312,68,613669
280753,73,1046587
286212,72,982643
295425,66,516799
379091,44,57196
355281,61,330771
503403,50,109468
262420,71,882465
389588,56,187155
357755,66,510412
144729,99,13037079
365606,51,118861
350542,51,112843
360389,62,339776
322872,41,42686
276251,70,763476
395488,51,115218
318849,48,83017
378762,32,16633
301173,47,82407
386857,35,23757
314813,45,64567
-1,1,0
-1,-1
-1,-1
-1,-1
-1,-1
-1,-1
-1,-1
-1,-1
-1,-1
-1,-1
-1,-1
-1,-1
272381,1
-1,-1
-1,-1
-1,-1
-1,-1
-1,-1
239278,14
-1,-1
-1,-1
-1,-1
-1,-1
-1,-1
-1,-1
-1,-1
-1,-1
-1,0
-1,-1
-1,-1
-1,-1
-1,-1
-1,-1
-1,-1
-1,-1
-1,-1
-1,-1
-1,-1
-1,-1
-1,-1
-1,-1
-1,-1
-1,-1
-1,-1
-1,-1
-1,-1
-1,-1
-1,-1
-1,-1
-1,-1
-1,-1
-1,-1
-1,-1
-1,-1
-1,-1
-1,-1
-1,0
-1,-1
-1,-1
-1,-1
-1,-1
-1,-1
-1,-1
-1,-1
109378,7
-1,-1
-1,-1
-1,-1
-1,-1
173031,50
-1,-1
-1,-1
-1,-1
-1,-1
-1,-1
-1,-1
-1,-1
-1,-1
-1,-1
-1,-1
-1,-1
-1,-1
-1,-1
-1,-1
-1,-1
-1,-1
-1,-1
116699,538
-1,-1
-1,-1
-1,-1
