307645,1330,20778810
263888,70,741325
278338,68,613669
280787,73,1046587
286236,72,982643
295444,66,516799
379128,44,57196
355319,61,330771
503445,50,109468
262448,71,882465
389616,56,187155
357783,66,510412
144735,99,13037079
365641,51,118861
350581,51,112843
360425,62,339776
322902,41,42686
276279,70,763476
395562,51,115218
318885,48,83017
378796,32,16633
301206,47,82407
386904,35,23757
314837,45,64567
-1,1,0
-1,-1
-1,-1
-1,-1
-1,-1
-1,-1
-1,-1
-1,-1
-1,-1
-1,-1
-1,-1
-1,-1
272412,1
-1,-1
-1,-1
-1,-1
-1,-1
-1,-1
239309,14
-1,-1
-1,-1
-1,-1
-1,-1
-1,-1
-1,-1
-1,-1
-1,-1
-1,0
-1,-1
-1,-1
-1,-1
-1,-1
-1,-1
-1,-1
-1,-1
-1,-1
-1,-1
-1,-1
-1,-1
-1,-1
-1,-1
-1,-1
-1,-1
-1,-1
-1,-1
-1,-1
-1,-1
-1,-1
-1,-1
-1,-1
-1,-1
-1,-1
-1,-1
-1,-1
-1,-1
-1,-1
-1,0
-1,-1
-1,-1
-1,-1
-1,-1
-1,-1
-1,-1
-1,-1
109397,7
-1,-1
-1,-1
-1,-1
-1,-1
173056,50
-1,-1
-1,-1
-1,-1
-1,-1
-1,-1
-1,-1
-1,-1
-1,-1
-1,-1
-1,-1
-1,-1
-1,-1
-1,-1
-1,-1
-1,-1
-1,-1
-1,-1
116711,538
-1,-1
-1,-1
-1,-1
