311923,1330,20778810
267960,70,741325
282530,68,613669
285228,73,1046587
290484,72,982643
299320,66,516799
384810,44,57196
360284,61,330771
510180,50,109468
266439,71,882465
394320,56,187155
362005,66,510412
145995,99,13037079
370418,51,118861
355499,51,112843
365863,62,339776
327101,41,42686
280221,70,763476
403309,51,115218
323073,48,83017
383893,32,16633
306072,47,82407
392695,35,23757
319423,45,64567
-1,1,0
-1,-1
-1,-1
-1,-1
-1,-1
-1,-1
-1,-1
-1,-1
-1,-1
-1,-1
-1,-1
-1,-1
275238,1
-1,-1
-1,-1
-1,-1
-1,-1
-1,-1
243602,14
-1,-1
-1,-1
-1,-1
-1,-1
-1,-1
-1,-1
-1,-1
-1,-1
-1,0
-1,-1
-1,-1
-1,-1
-1,-1
-1,-1
-1,-1
-1,-1
-1,-1
-1,-1
-1,-1
-1,-1
-1,-1
-1,-1
-1,-1
-1,-1
-1,-1
-1,-1
-1,-1
-1,-1
-1,-1
-1,-1
-1,-1
-1,-1
-1,-1
-1,-1
-1,-1
-1,-1
-1,0
-1,0
-1,-1
-1,-1
-1,-1
-1,-1
-1,-1
-1,-1
-1,-1
-1,-1
112412,7
-1,-1
-1,-1
-1,-1
-1,-1
176306,50
-1,-1
-1,-1
-1,-1
-1,-1
-1,-1
-1,-1
-1,-1
-1,-1
-1,-1
-1,-1
-1,-1
-1,-1
-1,-1
-1,-1
-1,-1
-1,-1
-1,-1
117639,538
-1,-1
-1,-1
-1,-1
