307669,1330,20778810
263911,70,741325
278353,68,613669
280809,73,1046587
286265,72,982643
295472,66,516799
379168,44,57196
355350,61,330771
503470,50,109468
262467,71,882465
389645,56,187155
357807,66,510412
144738,99,13037079
365673,51,118861
350616,51,112843
360463,62,339776
322930,41,42686
276298,70,763476
395625,51,115218
318915,48,83017
378834,32,16633
301236,47,82407
386947,35,23757
314868,45,64567
-1,1,0
-1,-1
-1,-1
-1,-1
-1,-1
-1,-1
-1,-1
-1,-1
-1,-1
-1,-1
-1,-1
-1,-1
272432,1
-1,-1
-1,-1
-1,-1
-1,-1
-1,-1
239335,14
-1,-1
-1,-1
-1,-1
-1,-1
-1,-1
-1,-1
-1,-1
-1,-1
-1,0
-1,-1
-1,-1
-1,-1
-1,-1
-1,-1
-1,-1
-1,-1
-1,-1
-1,-1
-1,-1
-1,-1
-1,-1
-1,-1
-1,-1
-1,-1
-1,-1
-1,-1
-1,-1
-1,-1
-1,-1
-1,-1
-1,-1
-1,-1
-1,-1
-1,-1
-1,-1
-1,-1
-1,-1
-1,0
-1,-1
-1,-1
-1,-1
-1,-1
-1,-1
-1,-1
-1,-1
109421,7
-1,-1
-1,-1
-1,-1
-1,-1
173075,50
-1,-1
-1,-1
-1,-1
-1,-1
-1,-1
-1,-1
-1,-1
-1,-1
-1,-1
-1,-1
-1,-1
-1,-1
-1,-1
-1,-1
-1,-1
-1,-1
-1,-1
116711,538
-1,-1
-1,-1
-1,-1
