307629,1330,20778810
263878,70,741325
278324,68,613669
280776,73,1046587
286228,72,982643
295438,66,516799
379112,44,57196
355303,61,330771
503430,50,109468
262443,71,882465
389603,56,187155
357774,66,510412
144734,99,13037079
365629,51,118861
350563,51,112843
360410,62,339776
322891,41,42686
276269,70,763476
395534,51,115218
318872,48,83017
378777,32,16633
301190,47,82407
386879,35,23757
314828,45,64567
-1,1,0
-1,-1
-1,-1
-1,-1
-1,-1
-1,-1
-1,-1
-1,-1
-1,-1
-1,-1
-1,-1
-1,-1
272399,1
-1,-1
-1,-1
-1,-1
-1,-1
-1,-1
239296,14
-1,-1
-1,-1
-1,-1
-1,-1
-1,-1
-1,-1
-1,-1
-1,-1
-1,0
-1,-1
-1,-1
-1,-1
-1,-1
-1,-1
-1,-1
-1,-1
-1,-1
-1,-1
-1,-1
-1,-1
-1,-1
-1,-1
-1,-1
-1,-1
-1,-1
-1,-1
-1,-1
-1,-1
-1,-1
-1,-1
-1,-1
-1,-1
-1,-1
-1,-1
-1,-1
-1,-1
-1,-1
-1,0
-1,-1
-1,-1
-1,-1
-1,-1
-1,-1
-1,-1
-1,-1
109386,7
-1,-1
-1,-1
-1,-1
-1,-1
173050,50
-1,-1
-1,-1
-1,-1
-1,-1
-1,-1
-1,-1
-1,-1
-1,-1
-1,-1
-1,-1
-1,-1
-1,-1
-1,-1
-1,-1
-1,-1
-1,-1
-1,-1
116705,538
-1,-1
-1,-1
-1,-1
