311898,1330,20778810
267929,70,741325
282500,68,613669
285197,73,1046587
290450,72,982643
299292,66,516799
384758,44,57196
360236,61,330771
510127,50,109468
266401,71,882465
394296,56,187155
361964,66,510412
145985,99,13037079
370374,51,118861
355452,51,112843
365825,62,339776
327066,41,42686
280190,70,763476
403253,51,115218
323042,48,83017
383847,32,16633
306023,47,82407
392651,35,23757
319397,45,64567
-1,1,0
-1,-1
-1,-1
-1,-1
-1,-1
-1,-1
-1,-1
-1,-1
-1,-1
-1,-1
-1,-1
-1,-1
275210,1
-1,-1
-1,-1
-1,-1
-1,-1
-1,-1
243560,14
-1,-1
-1,-1
-1,-1
-1,-1
-1,-1
-1,-1
-1,-1
-1,-1
-1,0
-1,-1
-1,-1
-1,-1
-1,-1
-1,-1
-1,-1
-1,-1
-1,-1
-1,-1
-1,-1
-1,-1
-1,-1
-1,-1
-1,-1
-1,-1
-1,-1
-1,-1
-1,-1
-1,-1
-1,-1
-1,-1
-1,-1
-1,-1
-1,-1
-1,-1
-1,-1
-1,-1
-1,0
-1,0
-1,-1
-1,-1
-1,-1
-1,-1
-1,-1
-1,-1
-1,-1
-1,-1
112395,7
-1,-1
-1,-1
-1,-1
-1,-1
176272,50
-1,-1
-1,-1
-1,-1
-1,-1
-1,-1
-1,-1
-1,-1
-1,-1
-1,-1
-1,-1
-1,-1
-1,-1
-1,-1
-1,-1
-1,-1
-1,-1
-1,-1
117630,538
-1,-1
-1,-1
-1,-1
