311913,1330,20778810
267953,70,741325
282518,68,613669
285217,73,1046587
290473,72,982643
299310,66,516799
384794,44,57196
360271,61,330771
510161,50,109468
266429,71,882465
394310,56,187155
361992,66,510412
145993,99,13037079
370408,51,118861
355481,51,112843
365850,62,339776
327092,41,42686
280215,70,763476
403294,51,115218
323063,48,83017
383878,32,16633
306060,47,82407
392678,35,23757
319414,45,64567
-1,1,0
-1,-1
-1,-1
-1,-1
-1,-1
-1,-1
-1,-1
-1,-1
-1,-1
-1,-1
-1,-1
-1,-1
275230,1
-1,-1
-1,-1
-1,-1
-1,-1
-1,-1
243588,14
-1,-1
-1,-1
-1,-1
-1,-1
-1,-1
-1,-1
-1,-1
-1,-1
-1,0
-1,-1
-1,-1
-1,-1
-1,-1
-1,-1
-1,-1
-1,-1
-1,-1
-1,-1
-1,-1
-1,-1
-1,-1
-1,-1
-1,-1
-1,-1
-1,-1
-1,-1
-1,-1
-1,-1
-1,-1
-1,-1
-1,-1
-1,-1
-1,-1
-1,-1
-1,-1
-1,-1
-1,0
-1,0
-1,-1
-1,-1
-1,-1
-1,-1
-1,-1
-1,-1
-1,-1
-1,-1
112406,7
-1,-1
-1,-1
-1,-1
-1,-1
176296,50
-1,-1
-1,-1
-1,-1
-1,-1
-1,-1
-1,-1
-1,-1
-1,-1
-1,-1
-1,-1
-1,-1
-1,-1
-1,-1
-1,-1
-1,-1
-1,-1
-1,-1
117635,538
-1,-1
-1,-1
-1,-1
