316349,1330,20778810
272281,70,741325
287037,68,613669
289756,73,1046587
295088,72,982643
303567,66,516799
390253,44,57196
365205,61,330771
516102,50,109468
270343,71,882465
398946,56,187155
366314,66,510412
147127,99,13037079
375272,51,118861
360508,51,112843
370946,62,339776
331495,41,42686
284040,70,763476
408541,51,115218
327734,48,83017
388775,32,16633
310542,47,82407
397107,35,23757
323752,45,64567
-1,1,0
-1,-1
-1,-1
-1,-1
-1,-1
-1,-1
-1,-1
-1,-1
-1,-1
-1,-1
-1,-1
-1,-1
278397,1
-1,-1
-1,-1
-1,-1
-1,-1
-1,-1
247836,14
-1,-1
-1,-1
-1,-1
-1,-1
-1,-1
-1,-1
-1,-1
-1,-1
-1,0
-1,-1
-1,-1
-1,-1
-1,-1
-1,-1
-1,-1
-1,-1
-1,-1
-1,-1
-1,-1
-1,-1
-1,-1
-1,-1
-1,-1
-1,-1
-1,-1
-1,-1
-1,-1
-1,-1
-1,-1
-1,-1
-1,-1
-1,-1
-1,-1
-1,-1
-1,-1
-1,-1
-1,0
-1,0
-1,-1
-1,-1
-1,-1
-1,-1
-1,-1
-1,-1
-1,-1
-1,-1
115399,7
-1,-1
-1,-1
-1,-1
-1,-1
179409,50
-1,-1
-1,-1
-1,-1
-1,-1
-1,-1
-1,-1
-1,-1
-1,-1
-1,-1
-1,-1
-1,-1
-1,-1
-1,-1
-1,-1
-1,-1
-1,-1
-1,-1
118349,538
-1,-1
-1,-1
-1,-1
