316467,1330,20778810
272377,70,741325
287128,68,613669
289845,73,1046587
295191,72,982643
303643,66,516799
390358,44,57196
365305,61,330771
516224,50,109468
270421,71,882465
399057,56,187155
366401,66,510412
147159,99,13037079
375377,51,118861
360640,51,112843
371052,62,339776
331589,41,42686
284129,70,763476
408647,51,115218
327836,48,83017
388875,32,16633
310648,47,82407
397199,35,23757
323860,45,64567
-1,1,0
-1,-1
-1,-1
-1,-1
-1,-1
-1,-1
-1,-1
-1,-1
-1,-1
-1,-1
-1,-1
-1,-1
278457,1
-1,-1
-1,-1
-1,-1
-1,-1
-1,-1
247946,14
-1,-1
-1,-1
-1,-1
-1,-1
-1,-1
-1,-1
-1,-1
-1,-1
-1,0
-1,-1
-1,-1
-1,-1
-1,-1
-1,-1
-1,-1
-1,-1
-1,-1
-1,-1
-1,-1
-1,-1
-1,-1
-1,-1
-1,-1
-1,-1
-1,-1
-1,-1
-1,-1
-1,-1
-1,-1
-1,-1
-1,-1
-1,-1
-1,-1
-1,-1
-1,-1
-1,-1
-1,0
-1,0
-1,-1
-1,-1
-1,-1
-1,-1
-1,-1
-1,-1
-1,-1
-1,-1
115459,7
-1,-1
-1,-1
-1,-1
-1,-1
179474,50
-1,-1
-1,-1
-1,-1
-1,-1
-1,-1
-1,-1
-1,-1
-1,-1
-1,-1
-1,-1
-1,-1
-1,-1
-1,-1
-1,-1
-1,-1
-1,-1
-1,-1
118367,538
-1,-1
-1,-1
-1,-1
