307864,1330,20778810
264109,70,741325
278533,68,613669
280993,73,1046587
286446,72,982643
295643,66,516799
379408,44,57196
355564,61,330771
503727,50,109468
262628,71,882465
389820,56,187155
357968,66,510412
144786,99,13037079
365834,51,118861
350813,51,112843
360681,62,339776
323123,41,42686
276461,70,763476
396063,51,115218
319084,48,83017
379041,32,16633
301407,47,82407
387207,35,23757
315064,45,64567
-1,1,0
-1,-1
-1,-1
-1,-1
-1,-1
-1,-1
-1,-1
-1,-1
-1,-1
-1,-1
-1,-1
-1,-1
272534,1
-1,-1
-1,-1
-1,-1
-1,-1
-1,-1
239497,14
-1,-1
-1,-1
-1,-1
-1,-1
-1,-1
-1,-1
-1,-1
-1,-1
-1,0
-1,-1
-1,-1
-1,-1
-1,-1
-1,-1
-1,-1
-1,-1
-1,-1
-1,-1
-1,-1
-1,-1
-1,-1
-1,-1
-1,-1
-1,-1
-1,-1
-1,-1
-1,-1
-1,-1
-1,-1
-1,-1
-1,-1
-1,-1
-1,-1
-1,-1
-1,-1
-1,-1
-1,-1
-1,0
-1,-1
-1,-1
-1,-1
-1,-1
-1,-1
-1,-1
-1,-1
109534,7
-1,-1
-1,-1
-1,-1
-1,-1
173211,50
-1,-1
-1,-1
-1,-1
-1,-1
-1,-1
-1,-1
-1,-1
-1,-1
-1,-1
-1,-1
-1,-1
-1,-1
-1,-1
-1,-1
-1,-1
-1,-1
-1,-1
116750,538
-1,-1
-1,-1
-1,-1
