312144,1330,20778810
268176,70,741325
282742,68,613669
285454,73,1046587
290732,72,982643
299564,66,516799
385049,44,57196
360530,61,330771
510464,50,109468
266643,71,882465
394578,56,187155
362217,66,510412
146055,99,13037079
370655,51,118861
355740,51,112843
366133,62,339776
327317,41,42686
280412,70,763476
403596,51,115218
323318,48,83017
384168,32,16633
306291,47,82407
392954,35,23757
319645,45,64567
-1,1,0
-1,-1
-1,-1
-1,-1
-1,-1
-1,-1
-1,-1
-1,-1
-1,-1
-1,-1
-1,-1
-1,-1
275378,1
-1,-1
-1,-1
-1,-1
-1,-1
-1,-1
243806,14
-1,-1
-1,-1
-1,-1
-1,-1
-1,-1
-1,-1
-1,-1
-1,-1
-1,0
-1,-1
-1,-1
-1,-1
-1,-1
-1,-1
-1,-1
-1,-1
-1,-1
-1,-1
-1,-1
-1,-1
-1,-1
-1,-1
-1,-1
-1,-1
-1,-1
-1,-1
-1,-1
-1,-1
-1,-1
-1,-1
-1,-1
-1,-1
-1,-1
-1,-1
-1,-1
-1,-1
-1,0
-1,0
-1,-1
-1,-1
-1,-1
-1,-1
-1,-1
-1,-1
-1,-1
-1,-1
112543,7
-1,-1
-1,-1
-1,-1
-1,-1
176465,50
-1,-1
-1,-1
-1,-1
-1,-1
-1,-1
-1,-1
-1,-1
-1,-1
-1,-1
-1,-1
-1,-1
-1,-1
-1,-1
-1,-1
-1,-1
-1,-1
-1,-1
117676,538
-1,-1
-1,-1
-1,-1
