307797,1330,20778810
264058,70,741325
278469,68,613669
280931,73,1046587
286390,72,982643
295586,66,516799
379328,44,57196
355482,61,330771
503647,50,109468
262588,71,882465
389774,56,187155
357919,66,510412
144772,99,13037079
365792,51,118861
350744,51,112843
360606,62,339776
323066,41,42686
276403,70,763476
395947,51,115218
319030,48,83017
378965,32,16633
301365,47,82407
387127,35,23757
315005,45,64567
-1,1,0
-1,-1
-1,-1
-1,-1
-1,-1
-1,-1
-1,-1
-1,-1
-1,-1
-1,-1
-1,-1
-1,-1
272501,1
-1,-1
-1,-1
-1,-1
-1,-1
-1,-1
239456,14
-1,-1
-1,-1
-1,-1
-1,-1
-1,-1
-1,-1
-1,-1
-1,-1
-1,0
-1,-1
-1,-1
-1,-1
-1,-1
-1,-1
-1,-1
-1,-1
-1,-1
-1,-1
-1,-1
-1,-1
-1,-1
-1,-1
-1,-1
-1,-1
-1,-1
-1,-1
-1,-1
-1,-1
-1,-1
-1,-1
-1,-1
-1,-1
-1,-1
-1,-1
-1,-1
-1,-1
-1,-1
-1,0
-1,-1
-1,-1
-1,-1
-1,-1
-1,-1
-1,-1
-1,-1
109482,7
-1,-1
-1,-1
-1,-1
-1,-1
173158,50
-1,-1
-1,-1
-1,-1
-1,-1
-1,-1
-1,-1
-1,-1
-1,-1
-1,-1
-1,-1
-1,-1
-1,-1
-1,-1
-1,-1
-1,-1
-1,-1
-1,-1
116735,538
-1,-1
-1,-1
-1,-1
