312068,1330,20778810
268115,70,741325
282672,68,613669
285366,73,1046587
290658,72,982643
299499,66,516799
384980,44,57196
360458,61,330771
510393,50,109468
266591,71,882465
394513,56,187155
362151,66,510412
146041,99,13037079
370584,51,118861
355669,51,112843
366060,62,339776
327252,41,42686
280349,70,763476
403519,51,115218
323242,48,83017
384083,32,16633
306220,47,82407
392881,35,23757
319573,45,64567
-1,1,0
-1,-1
-1,-1
-1,-1
-1,-1
-1,-1
-1,-1
-1,-1
-1,-1
-1,-1
-1,-1
-1,-1
275330,1
-1,-1
-1,-1
-1,-1
-1,-1
-1,-1
243745,14
-1,-1
-1,-1
-1,-1
-1,-1
-1,-1
-1,-1
-1,-1
-1,-1
-1,0
-1,-1
-1,-1
-1,-1
-1,-1
-1,-1
-1,-1
-1,-1
-1,-1
-1,-1
-1,-1
-1,-1
-1,-1
-1,-1
-1,-1
-1,-1
-1,-1
-1,-1
-1,-1
-1,-1
-1,-1
-1,-1
-1,-1
-1,-1
-1,-1
-1,-1
-1,-1
-1,-1
-1,0
-1,0
-1,-1
-1,-1
-1,-1
-1,-1
-1,-1
-1,-1
-1,-1
-1,-1
112502,7
-1,-1
-1,-1
-1,-1
-1,-1
176423,50
-1,-1
-1,-1
-1,-1
-1,-1
-1,-1
-1,-1
-1,-1
-1,-1
-1,-1
-1,-1
-1,-1
-1,-1
-1,-1
-1,-1
-1,-1
-1,-1
-1,-1
117658,538
-1,-1
-1,-1
-1,-1
