316427,1330,20778810
272354,70,741325
287102,68,613669
289822,73,1046587
295170,72,982643
303623,66,516799
390328,44,57196
365276,61,330771
516201,50,109468
270395,71,882465
399028,56,187155
366376,66,510412
147151,99,13037079
375352,51,118861
360607,51,112843
371025,62,339776
331558,41,42686
284109,70,763476
408614,51,115218
327802,48,83017
388845,32,16633
310613,47,82407
397168,35,23757
323826,45,64567
-1,1,0
-1,-1
-1,-1
-1,-1
-1,-1
-1,-1
-1,-1
-1,-1
-1,-1
-1,-1
-1,-1
-1,-1
278442,1
-1,-1
-1,-1
-1,-1
-1,-1
-1,-1
247908,14
-1,-1
-1,-1
-1,-1
-1,-1
-1,-1
-1,-1
-1,-1
-1,-1
-1,0
-1,-1
-1,-1
-1,-1
-1,-1
-1,-1
-1,-1
-1,-1
-1,-1
-1,-1
-1,-1
-1,-1
-1,-1
-1,-1
-1,-1
-1,-1
-1,-1
-1,-1
-1,-1
-1,-1
-1,-1
-1,-1
-1,-1
-1,-1
-1,-1
-1,-1
-1,-1
-1,-1
-1,0
-1,0
-1,-1
-1,-1
-1,-1
-1,-1
-1,-1
-1,-1
-1,-1
-1,-1
115438,7
-1,-1
-1,-1
-1,-1
-1,-1
179459,50
-1,-1
-1,-1
-1,-1
-1,-1
-1,-1
-1,-1
-1,-1
-1,-1
-1,-1
-1,-1
-1,-1
-1,-1
-1,-1
-1,-1
-1,-1
-1,-1
-1,-1
118362,538
-1,-1
-1,-1
-1,-1
