316397,1330,20778810
272322,70,741325
287075,68,613669
289795,73,1046587
295135,72,982643
303597,66,516799
390293,44,57196
365242,61,330771
516150,50,109468
270377,71,882465
398988,56,187155
366346,66,510412
147138,99,13037079
375312,51,118861
360563,51,112843
370983,62,339776
331529,41,42686
284074,70,763476
408581,51,115218
327776,48,83017
388815,32,16633
310580,47,82407
397145,35,23757
323786,45,64567
-1,1,0
-1,-1
-1,-1
-1,-1
-1,-1
-1,-1
-1,-1
-1,-1
-1,-1
-1,-1
-1,-1
-1,-1
278421,1
-1,-1
-1,-1
-1,-1
-1,-1
-1,-1
247877,14
-1,-1
-1,-1
-1,-1
-1,-1
-1,-1
-1,-1
-1,-1
-1,-1
-1,0
-1,-1
-1,-1
-1,-1
-1,-1
-1,-1
-1,-1
-1,-1
-1,-1
-1,-1
-1,-1
-1,-1
-1,-1
-1,-1
-1,-1
-1,-1
-1,-1
-1,-1
-1,-1
-1,-1
-1,-1
-1,-1
-1,-1
-1,-1
-1,-1
-1,-1
-1,-1
-1,-1
-1,0
-1,0
-1,-1
-1,-1
-1,-1
-1,-1
-1,-1
-1,-1
-1,-1
-1,-1
115421,7
-1,-1
-1,-1
-1,-1
-1,-1
179431,50
-1,-1
-1,-1
-1,-1
-1,-1
-1,-1
-1,-1
-1,-1
-1,-1
-1,-1
-1,-1
-1,-1
-1,-1
-1,-1
-1,-1
-1,-1
-1,-1
-1,-1
118358,538
-1,-1
-1,-1
-1,-1
