316491,1330,20778810
272403,70,741325
287155,68,613669
289872,73,1046587
295219,72,982643
303664,66,516799
390387,44,57196
365333,61,330771
516262,50,109468
270449,71,882465
399080,56,187155
366415,66,510412
147166,99,13037079
375398,51,118861
360665,51,112843
371079,62,339776
331611,41,42686
284157,70,763476
408676,51,115218
327861,48,83017
388911,32,16633
310670,47,82407
397223,35,23757
323888,45,64567
-1,1,0
-1,-1
-1,-1
-1,-1
-1,-1
-1,-1
-1,-1
-1,-1
-1,-1
-1,-1
-1,-1
-1,-1
278476,1
-1,-1
-1,-1
-1,-1
-1,-1
-1,-1
247964,14
-1,-1
-1,-1
-1,-1
-1,-1
-1,-1
-1,-1
-1,-1
-1,-1
-1,0
-1,-1
-1,-1
-1,-1
-1,-1
-1,-1
-1,-1
-1,-1
-1,-1
-1,-1
-1,-1
-1,-1
-1,-1
-1,-1
-1,-1
-1,-1
-1,-1
-1,-1
-1,-1
-1,-1
-1,-1
-1,-1
-1,-1
-1,-1
-1,-1
-1,-1
-1,-1
-1,-1
-1,0
-1,0
-1,-1
-1,-1
-1,-1
-1,-1
-1,-1
-1,-1
-1,-1
-1,-1
115475,7
-1,-1
-1,-1
-1,-1
-1,-1
179496,50
-1,-1
-1,-1
-1,-1
-1,-1
-1,-1
-1,-1
-1,-1
-1,-1
-1,-1
-1,-1
-1,-1
-1,-1
-1,-1
-1,-1
-1,-1
-1,-1
-1,-1
118370,538
-1,-1
-1,-1
-1,-1
