316527,1330,20778810
272435,70,741325
287188,68,613669
289904,73,1046587
295251,72,982643
303684,66,516799
390430,44,57196
365368,61,330771
516302,50,109468
270478,71,882465
399111,56,187155
366448,66,510412
147175,99,13037079
375430,51,118861
360689,51,112843
371118,62,339776
331642,41,42686
284191,70,763476
408720,51,115218
327904,48,83017
388950,32,16633
310699,47,82407
397251,35,23757
323919,45,64567
-1,1,0
-1,-1
-1,-1
-1,-1
-1,-1
-1,-1
-1,-1
-1,-1
-1,-1
-1,-1
-1,-1
-1,-1
278502,1
-1,-1
-1,-1
-1,-1
-1,-1
-1,-1
247991,14
-1,-1
-1,-1
-1,-1
-1,-1
-1,-1
-1,-1
-1,-1
-1,-1
-1,0
-1,-1
-1,-1
-1,-1
-1,-1
-1,-1
-1,-1
-1,-1
-1,-1
-1,-1
-1,-1
-1,-1
-1,-1
-1,-1
-1,-1
-1,-1
-1,-1
-1,-1
-1,-1
-1,-1
-1,-1
-1,-1
-1,-1
-1,-1
-1,-1
-1,-1
-1,-1
-1,-1
-1,0
-1,0
-1,-1
-1,-1
-1,-1
-1,-1
-1,-1
-1,-1
-1,-1
-1,-1
115485,7
-1,-1
-1,-1
-1,-1
-1,-1
179516,50
-1,-1
-1,-1
-1,-1
-1,-1
-1,-1
-1,-1
-1,-1
-1,-1
-1,-1
-1,-1
-1,-1
-1,-1
-1,-1
-1,-1
-1,-1
-1,-1
-1,-1
118378,538
-1,-1
-1,-1
-1,-1
