308006,1330,20778810
264256,70,741325
278675,68,613669
281164,73,1046587
286586,72,982643
295784,66,516799
379614,44,57196
355741,61,330771
503941,50,109468
262786,71,882465
389981,56,187155
358133,66,510412
144832,99,13037079
365997,51,118861
350989,51,112843
360871,62,339776
323278,41,42686
276583,70,763476
396402,51,115218
319225,48,83017
379221,32,16633
301573,47,82407
387446,35,23757
315223,45,64567
-1,1,0
-1,-1
-1,-1
-1,-1
-1,-1
-1,-1
-1,-1
-1,-1
-1,-1
-1,-1
-1,-1
-1,-1
272626,1
-1,-1
-1,-1
-1,-1
-1,-1
-1,-1
239643,14
-1,-1
-1,-1
-1,-1
-1,-1
-1,-1
-1,-1
-1,-1
-1,-1
-1,0
-1,-1
-1,-1
-1,-1
-1,-1
-1,-1
-1,-1
-1,-1
-1,-1
-1,-1
-1,-1
-1,-1
-1,-1
-1,-1
-1,-1
-1,-1
-1,-1
-1,-1
-1,-1
-1,-1
-1,-1
-1,-1
-1,-1
-1,-1
-1,-1
-1,-1
-1,-1
-1,-1
-1,-1
-1,0
-1,-1
-1,-1
-1,-1
-1,-1
-1,-1
-1,-1
-1,-1
109636,7
-1,-1
-1,-1
-1,-1
-1,-1
173308,50
-1,-1
-1,-1
-1,-1
-1,-1
-1,-1
-1,-1
-1,-1
-1,-1
-1,-1
-1,-1
-1,-1
-1,-1
-1,-1
-1,-1
-1,-1
-1,-1
-1,-1
116790,538
-1,-1
-1,-1
-1,-1
