316595,1330,20778810
272507,70,741325
287260,68,613669
289985,73,1046587
295322,72,982643
303750,66,516799
390500,44,57196
365451,61,330771
516407,50,109468
270534,71,882465
399203,56,187155
366535,66,510412
147202,99,13037079
375509,51,118861
360769,51,112843
371186,62,339776
331710,41,42686
284269,70,763476
408796,51,115218
327960,48,83017
389050,32,16633
310781,47,82407
397322,35,23757
323991,45,64567
-1,1,0
-1,-1
-1,-1
-1,-1
-1,-1
-1,-1
-1,-1
-1,-1
-1,-1
-1,-1
-1,-1
-1,-1
278535,1
-1,-1
-1,-1
-1,-1
-1,-1
-1,-1
248069,14
-1,-1
-1,-1
-1,-1
-1,-1
-1,-1
-1,-1
-1,-1
-1,-1
-1,0
-1,-1
-1,-1
-1,-1
-1,-1
-1,-1
-1,-1
-1,-1
-1,-1
-1,-1
-1,-1
-1,-1
-1,-1
-1,-1
-1,-1
-1,-1
-1,-1
-1,-1
-1,-1
-1,-1
-1,-1
-1,-1
-1,-1
-1,-1
-1,-1
-1,-1
-1,-1
-1,-1
-1,0
-1,0
-1,-1
-1,-1
-1,-1
-1,-1
-1,-1
-1,-1
-1,-1
-1,-1
115521,7
-1,-1
-1,-1
-1,-1
-1,-1
179567,50
-1,-1
-1,-1
-1,-1
-1,-1
-1,-1
-1,-1
-1,-1
-1,-1
-1,-1
-1,-1
-1,-1
-1,-1
-1,-1
-1,-1
-1,-1
-1,-1
-1,-1
118410,538
-1,-1
-1,-1
-1,-1
