316625,1330,20778810
272552,70,741325
287312,68,613669
290028,73,1046587
295373,72,982643
303798,66,516799
390545,44,57196
365490,61,330771
516469,50,109468
270570,71,882465
399251,56,187155
366580,66,510412
147210,99,13037079
375547,51,118861
360810,51,112843
371249,62,339776
331745,41,42686
284295,70,763476
408836,51,115218
328002,48,83017
389095,32,16633
310829,47,82407
397369,35,23757
324039,45,64567
-1,1,0
-1,-1
-1,-1
-1,-1
-1,-1
-1,-1
-1,-1
-1,-1
-1,-1
-1,-1
-1,-1
-1,-1
278565,1
-1,-1
-1,-1
-1,-1
-1,-1
-1,-1
248114,14
-1,-1
-1,-1
-1,-1
-1,-1
-1,-1
-1,-1
-1,-1
-1,-1
-1,0
-1,-1
-1,-1
-1,-1
-1,-1
-1,-1
-1,-1
-1,-1
-1,-1
-1,-1
-1,-1
-1,-1
-1,-1
-1,-1
-1,-1
-1,-1
-1,-1
-1,-1
-1,-1
-1,-1
-1,-1
-1,-1
-1,-1
-1,-1
-1,-1
-1,-1
-1,-1
-1,-1
-1,0
-1,0
-1,-1
-1,-1
-1,-1
-1,-1
-1,-1
-1,-1
-1,-1
-1,-1
115551,7
-1,-1
-1,-1
-1,-1
-1,-1
179592,50
-1,-1
-1,-1
-1,-1
-1,-1
-1,-1
-1,-1
-1,-1
-1,-1
-1,-1
-1,-1
-1,-1
-1,-1
-1,-1
-1,-1
-1,-1
-1,-1
-1,-1
118416,538
-1,-1
-1,-1
-1,-1
