312216,1330,20778810
268238,70,741325
282798,68,613669
285528,73,1046587
290800,72,982643
299624,66,516799
385138,44,57196
360603,61,330771
510550,50,109468
266701,71,882465
394650,56,187155
362269,66,510412
146072,99,13037079
370716,51,118861
355807,51,112843
366198,62,339776
327373,41,42686
280465,70,763476
403668,51,115218
323383,48,83017
384225,32,16633
306351,47,82407
393016,35,23757
319724,45,64567
-1,1,0
-1,-1
-1,-1
-1,-1
-1,-1
-1,-1
-1,-1
-1,-1
-1,-1
-1,-1
-1,-1
-1,-1
275413,1
-1,-1
-1,-1
-1,-1
-1,-1
-1,-1
243865,14
-1,-1
-1,-1
-1,-1
-1,-1
-1,-1
-1,-1
-1,-1
-1,-1
-1,0
-1,-1
-1,-1
-1,-1
-1,-1
-1,-1
-1,-1
-1,-1
-1,-1
-1,-1
-1,-1
-1,-1
-1,-1
-1,-1
-1,-1
-1,-1
-1,-1
-1,-1
-1,-1
-1,-1
-1,-1
-1,-1
-1,-1
-1,-1
-1,-1
-1,-1
-1,-1
-1,-1
-1,0
-1,0
-1,-1
-1,-1
-1,-1
-1,-1
-1,-1
-1,-1
-1,-1
-1,-1
112583,7
-1,-1
-1,-1
-1,-1
-1,-1
176507,50
-1,-1
-1,-1
-1,-1
-1,-1
-1,-1
-1,-1
-1,-1
-1,-1
-1,-1
-1,-1
-1,-1
-1,-1
-1,-1
-1,-1
-1,-1
-1,-1
-1,-1
117694,538
-1,-1
-1,-1
-1,-1
