307985,1330,20778810
264228,70,741325
278649,68,613669
281139,73,1046587
286559,72,982643
295755,66,516799
379584,44,57196
355714,61,330771
503908,50,109468
262765,71,882465
389955,56,187155
358101,66,510412
144827,99,13037079
365974,51,118861
350962,51,112843
360850,62,339776
323248,41,42686
276567,70,763476
396335,51,115218
319196,48,83017
379189,32,16633
301541,47,82407
387396,35,23757
315196,45,64567
-1,1,0
-1,-1
-1,-1
-1,-1
-1,-1
-1,-1
-1,-1
-1,-1
-1,-1
-1,-1
-1,-1
-1,-1
272615,1
-1,-1
-1,-1
-1,-1
-1,-1
-1,-1
239614,14
-1,-1
-1,-1
-1,-1
-1,-1
-1,-1
-1,-1
-1,-1
-1,-1
-1,0
-1,-1
-1,-1
-1,-1
-1,-1
-1,-1
-1,-1
-1,-1
-1,-1
-1,-1
-1,-1
-1,-1
-1,-1
-1,-1
-1,-1
-1,-1
-1,-1
-1,-1
-1,-1
-1,-1
-1,-1
-1,-1
-1,-1
-1,-1
-1,-1
-1,-1
-1,-1
-1,-1
-1,-1
-1,0
-1,-1
-1,-1
-1,-1
-1,-1
-1,-1
-1,-1
-1,-1
109618,7
-1,-1
-1,-1
-1,-1
-1,-1
173290,50
-1,-1
-1,-1
-1,-1
-1,-1
-1,-1
-1,-1
-1,-1
-1,-1
-1,-1
-1,-1
-1,-1
-1,-1
-1,-1
-1,-1
-1,-1
-1,-1
-1,-1
116784,538
-1,-1
-1,-1
-1,-1
