316558,1330,20778810
272468,70,741325
287220,68,613669
289942,73,1046587
295290,72,982643
303713,66,516799
390461,44,57196
365405,61,330771
516364,50,109468
270503,71,882465
399153,56,187155
366482,66,510412
147183,99,13037079
375475,51,118861
360730,51,112843
371152,62,339776
331676,41,42686
284237,70,763476
408759,51,115218
327932,48,83017
389002,32,16633
310739,47,82407
397282,35,23757
323961,45,64567
-1,1,0
-1,-1
-1,-1
-1,-1
-1,-1
-1,-1
-1,-1
-1,-1
-1,-1
-1,-1
-1,-1
-1,-1
278522,1
-1,-1
-1,-1
-1,-1
-1,-1
-1,-1
248034,14
-1,-1
-1,-1
-1,-1
-1,-1
-1,-1
-1,-1
-1,-1
-1,-1
-1,0
-1,-1
-1,-1
-1,-1
-1,-1
-1,-1
-1,-1
-1,-1
-1,-1
-1,-1
-1,-1
-1,-1
-1,-1
-1,-1
-1,-1
-1,-1
-1,-1
-1,-1
-1,-1
-1,-1
-1,-1
-1,-1
-1,-1
-1,-1
-1,-1
-1,-1
-1,-1
-1,-1
-1,0
-1,0
-1,-1
-1,-1
-1,-1
-1,-1
-1,-1
-1,-1
-1,-1
-1,-1
115507,7
-1,-1
-1,-1
-1,-1
-1,-1
179540,50
-1,-1
-1,-1
-1,-1
-1,-1
-1,-1
-1,-1
-1,-1
-1,-1
-1,-1
-1,-1
-1,-1
-1,-1
-1,-1
-1,-1
-1,-1
-1,-1
-1,-1
118398,538
-1,-1
-1,-1
-1,-1
