312379,1330,20778810
268403,70,741325
282980,68,613669
285715,73,1046587
290962,72,982643
299781,66,516799
385366,44,57196
360797,61,330771
510784,50,109468
266862,71,882465
394858,56,187155
362431,66,510412
146134,99,13037079
370905,51,118861
356017,51,112843
366416,62,339776
327537,41,42686
280626,70,763476
403926,51,115218
323558,48,83017
384438,32,16633
306512,47,82407
393206,35,23757
319889,45,64567
-1,1,0
-1,-1
-1,-1
-1,-1
-1,-1
-1,-1
-1,-1
-1,-1
-1,-1
-1,-1
-1,-1
-1,-1
275533,1
-1,-1
-1,-1
-1,-1
-1,-1
-1,-1
244031,14
-1,-1
-1,-1
-1,-1
-1,-1
-1,-1
-1,-1
-1,-1
-1,-1
-1,0
-1,-1
-1,-1
-1,-1
-1,-1
-1,-1
-1,-1
-1,-1
-1,-1
-1,-1
-1,-1
-1,-1
-1,-1
-1,-1
-1,-1
-1,-1
-1,-1
-1,-1
-1,-1
-1,-1
-1,-1
-1,-1
-1,-1
-1,-1
-1,-1
-1,-1
-1,-1
-1,-1
-1,0
-1,0
-1,-1
-1,-1
-1,-1
-1,-1
-1,-1
-1,-1
-1,-1
-1,-1
112708,7
-1,-1
-1,-1
-1,-1
-1,-1
176670,50
-1,-1
-1,-1
-1,-1
-1,-1
-1,-1
-1,-1
-1,-1
-1,-1
-1,-1
-1,-1
-1,-1
-1,-1
-1,-1
-1,-1
-1,-1
-1,-1
-1,-1
117745,538
-1,-1
-1,-1
-1,-1
