316769,1330,20778810
272693,70,741325
287460,68,613669
290186,73,1046587
295525,72,982643
303936,66,516799
390682,44,57196
365671,61,330771
516658,50,109468
270706,71,882465
399400,56,187155
366727,66,510412
147255,99,13037079
375710,51,118861
360948,51,112843
371439,62,339776
331892,41,42686
284435,70,763476
409001,51,115218
328147,48,83017
389290,32,16633
311002,47,82407
397541,35,23757
324177,45,64567
-1,1,0
-1,-1
-1,-1
-1,-1
-1,-1
-1,-1
-1,-1
-1,-1
-1,-1
-1,-1
-1,-1
-1,-1
278657,1
-1,-1
-1,-1
-1,-1
-1,-1
-1,-1
248273,14
-1,-1
-1,-1
-1,-1
-1,-1
-1,-1
-1,-1
-1,-1
-1,-1
-1,0
-1,-1
-1,-1
-1,-1
-1,-1
-1,-1
-1,-1
-1,-1
-1,-1
-1,-1
-1,-1
-1,-1
-1,-1
-1,-1
-1,-1
-1,-1
-1,-1
-1,-1
-1,-1
-1,-1
-1,-1
-1,-1
-1,-1
-1,-1
-1,-1
-1,-1
-1,-1
-1,-1
-1,0
-1,0
-1,-1
-1,-1
-1,-1
-1,-1
-1,-1
-1,-1
-1,-1
-1,-1
115644,7
-1,-1
-1,-1
-1,-1
-1,-1
179675,50
-1,-1
-1,-1
-1,-1
-1,-1
-1,-1
-1,-1
-1,-1
-1,-1
-1,-1
-1,-1
-1,-1
-1,-1
-1,-1
-1,-1
-1,-1
-1,-1
-1,-1
118453,538
-1,-1
-1,-1
-1,-1
