316653,1330,20778810
272585,70,741325
287339,68,613669
290057,73,1046587
295404,72,982643
303826,66,516799
390575,44,57196
365531,61,330771
516508,50,109468
270596,71,882465
399284,56,187155
366619,66,510412
147220,99,13037079
375585,51,118861
360831,51,112843
371283,62,339776
331787,41,42686
284325,70,763476
408878,51,115218
328035,48,83017
389137,32,16633
310862,47,82407
397417,35,23757
324075,45,64567
-1,1,0
-1,-1
-1,-1
-1,-1
-1,-1
-1,-1
-1,-1
-1,-1
-1,-1
-1,-1
-1,-1
-1,-1
278585,1
-1,-1
-1,-1
-1,-1
-1,-1
-1,-1
248143,14
-1,-1
-1,-1
-1,-1
-1,-1
-1,-1
-1,-1
-1,-1
-1,-1
-1,0
-1,-1
-1,-1
-1,-1
-1,-1
-1,-1
-1,-1
-1,-1
-1,-1
-1,-1
-1,-1
-1,-1
-1,-1
-1,-1
-1,-1
-1,-1
-1,-1
-1,-1
-1,-1
-1,-1
-1,-1
-1,-1
-1,-1
-1,-1
-1,-1
-1,-1
-1,-1
-1,-1
-1,0
-1,0
-1,-1
-1,-1
-1,-1
-1,-1
-1,-1
-1,-1
-1,-1
-1,-1
115575,7
-1,-1
-1,-1
-1,-1
-1,-1
179615,50
-1,-1
-1,-1
-1,-1
-1,-1
-1,-1
-1,-1
-1,-1
-1,-1
-1,-1
-1,-1
-1,-1
-1,-1
-1,-1
-1,-1
-1,-1
-1,-1
-1,-1
118425,538
-1,-1
-1,-1
-1,-1
