316691,1330,20778810
272620,70,741325
287369,68,613669
290088,73,1046587
295429,72,982643
303855,66,516799
390601,44,57196
365575,61,330771
516563,50,109468
270625,71,882465
399313,56,187155
366652,66,510412
147234,99,13037079
375615,51,118861
360862,51,112843
371334,62,339776
331814,41,42686
284363,70,763476
408918,51,115218
328068,48,83017
389186,32,16633
310899,47,82407
397461,35,23757
324108,45,64567
-1,1,0
-1,-1
-1,-1
-1,-1
-1,-1
-1,-1
-1,-1
-1,-1
-1,-1
-1,-1
-1,-1
-1,-1
278601,1
-1,-1
-1,-1
-1,-1
-1,-1
-1,-1
248183,14
-1,-1
-1,-1
-1,-1
-1,-1
-1,-1
-1,-1
-1,-1
-1,-1
-1,0
-1,-1
-1,-1
-1,-1
-1,-1
-1,-1
-1,-1
-1,-1
-1,-1
-1,-1
-1,-1
-1,-1
-1,-1
-1,-1
-1,-1
-1,-1
-1,-1
-1,-1
-1,-1
-1,-1
-1,-1
-1,-1
-1,-1
-1,-1
-1,-1
-1,-1
-1,-1
-1,-1
-1,0
-1,0
-1,-1
-1,-1
-1,-1
-1,-1
-1,-1
-1,-1
-1,-1
-1,-1
115594,7
-1,-1
-1,-1
-1,-1
-1,-1
179630,50
-1,-1
-1,-1
-1,-1
-1,-1
-1,-1
-1,-1
-1,-1
-1,-1
-1,-1
-1,-1
-1,-1
-1,-1
-1,-1
-1,-1
-1,-1
-1,-1
-1,-1
118431,538
-1,-1
-1,-1
-1,-1
