316736,1330,20778810
272664,70,741325
287420,68,613669
290155,73,1046587
295489,72,982643
303912,66,516799
390655,44,57196
365636,61,330771
516627,50,109468
270673,71,882465
399372,56,187155
366700,66,510412
147245,99,13037079
375677,51,118861
360923,51,112843
371395,62,339776
331865,41,42686
284402,70,763476
408975,51,115218
328122,48,83017
389246,32,16633
310962,47,82407
397515,35,23757
324149,45,64567
-1,1,0
-1,-1
-1,-1
-1,-1
-1,-1
-1,-1
-1,-1
-1,-1
-1,-1
-1,-1
-1,-1
-1,-1
278636,1
-1,-1
-1,-1
-1,-1
-1,-1
-1,-1
248232,14
-1,-1
-1,-1
-1,-1
-1,-1
-1,-1
-1,-1
-1,-1
-1,-1
-1,0
-1,-1
-1,-1
-1,-1
-1,-1
-1,-1
-1,-1
-1,-1
-1,-1
-1,-1
-1,-1
-1,-1
-1,-1
-1,-1
-1,-1
-1,-1
-1,-1
-1,-1
-1,-1
-1,-1
-1,-1
-1,-1
-1,-1
-1,-1
-1,-1
-1,-1
-1,-1
-1,-1
-1,0
-1,0
-1,-1
-1,-1
-1,-1
-1,-1
-1,-1
-1,-1
-1,-1
-1,-1
115626,7
-1,-1
-1,-1
-1,-1
-1,-1
179656,50
-1,-1
-1,-1
-1,-1
-1,-1
-1,-1
-1,-1
-1,-1
-1,-1
-1,-1
-1,-1
-1,-1
-1,-1
-1,-1
-1,-1
-1,-1
-1,-1
-1,-1
118436,538
-1,-1
-1,-1
-1,-1
