312338,1330,20778810
268359,70,741325
282937,68,613669
285663,73,1046587
290930,72,982643
299746,66,516799
385296,44,57196
360745,61,330771
510724,50,109468
266824,71,882465
394816,56,187155
362400,66,510412
146112,99,13037079
370862,51,118861
355957,51,112843
366352,62,339776
327493,41,42686
280580,70,763476
403869,51,115218
323516,48,83017
384388,32,16633
306472,47,82407
393157,35,23757
319850,45,64567
-1,1,0
-1,-1
-1,-1
-1,-1
-1,-1
-1,-1
-1,-1
-1,-1
-1,-1
-1,-1
-1,-1
-1,-1
275502,1
-1,-1
-1,-1
-1,-1
-1,-1
-1,-1
243990,14
-1,-1
-1,-1
-1,-1
-1,-1
-1,-1
-1,-1
-1,-1
-1,-1
-1,0
-1,-1
-1,-1
-1,-1
-1,-1
-1,-1
-1,-1
-1,-1
-1,-1
-1,-1
-1,-1
-1,-1
-1,-1
-1,-1
-1,-1
-1,-1
-1,-1
-1,-1
-1,-1
-1,-1
-1,-1
-1,-1
-1,-1
-1,-1
-1,-1
-1,-1
-1,-1
-1,-1
-1,0
-1,0
-1,-1
-1,-1
-1,-1
-1,-1
-1,-1
-1,-1
-1,-1
-1,-1
112681,7
-1,-1
-1,-1
-1,-1
-1,-1
176635,50
-1,-1
-1,-1
-1,-1
-1,-1
-1,-1
-1,-1
-1,-1
-1,-1
-1,-1
-1,-1
-1,-1
-1,-1
-1,-1
-1,-1
-1,-1
-1,-1
-1,-1
117731,538
-1,-1
-1,-1
-1,-1
