316701,1330,20778810
272632,70,741325
287381,68,613669
290111,73,1046587
295454,72,982643
303882,66,516799
390622,44,57196
365591,61,330771
516585,50,109468
270647,71,882465
399325,56,187155
366669,66,510412
147230,99,13037079
375631,51,118861
360880,51,112843
371352,62,339776
331826,41,42686
284375,70,763476
408935,51,115218
328086,48,83017
389210,32,16633
310922,47,82407
397486,35,23757
324115,45,64567
-1,1,0
-1,-1
-1,-1
-1,-1
-1,-1
-1,-1
-1,-1
-1,-1
-1,-1
-1,-1
-1,-1
-1,-1
278617,1
-1,-1
-1,-1
-1,-1
-1,-1
-1,-1
248195,14
-1,-1
-1,-1
-1,-1
-1,-1
-1,-1
-1,-1
-1,-1
-1,-1
-1,0
-1,-1
-1,-1
-1,-1
-1,-1
-1,-1
-1,-1
-1,-1
-1,-1
-1,-1
-1,-1
-1,-1
-1,-1
-1,-1
-1,-1
-1,-1
-1,-1
-1,-1
-1,-1
-1,-1
-1,-1
-1,-1
-1,-1
-1,-1
-1,-1
-1,-1
-1,-1
-1,-1
-1,0
-1,0
-1,-1
-1,-1
-1,-1
-1,-1
-1,-1
-1,-1
-1,-1
-1,-1
115605,7
-1,-1
-1,-1
-1,-1
-1,-1
179636,50
-1,-1
-1,-1
-1,-1
-1,-1
-1,-1
-1,-1
-1,-1
-1,-1
-1,-1
-1,-1
-1,-1
-1,-1
-1,-1
-1,-1
-1,-1
-1,-1
-1,-1
118432,538
-1,-1
-1,-1
-1,-1
