312464,1330,20778810
268485,70,741325
283062,68,613669
285799,73,1046587
291042,72,982643
299871,66,516799
385495,44,57196
360887,61,330771
510915,50,109468
266920,71,882465
394957,56,187155
362536,66,510412
146160,99,13037079
371006,51,118861
356114,51,112843
366496,62,339776
327633,41,42686
280695,70,763476
404048,51,115218
323644,48,83017
384516,32,16633
306601,47,82407
393293,35,23757
319974,45,64567
-1,1,0
-1,-1
-1,-1
-1,-1
-1,-1
-1,-1
-1,-1
-1,-1
-1,-1
-1,-1
-1,-1
-1,-1
275583,1
-1,-1
-1,-1
-1,-1
-1,-1
-1,-1
244106,14
-1,-1
-1,-1
-1,-1
-1,-1
-1,-1
-1,-1
-1,-1
-1,-1
-1,0
-1,-1
-1,-1
-1,-1
-1,-1
-1,-1
-1,-1
-1,-1
-1,-1
-1,-1
-1,-1
-1,-1
-1,-1
-1,-1
-1,-1
-1,-1
-1,-1
-1,-1
-1,-1
-1,-1
-1,-1
-1,-1
-1,-1
-1,-1
-1,-1
-1,-1
-1,-1
-1,-1
-1,0
-1,0
-1,-1
-1,-1
-1,-1
-1,-1
-1,-1
-1,-1
-1,-1
-1,-1
112764,7
-1,-1
-1,-1
-1,-1
-1,-1
176734,50
-1,-1
-1,-1
-1,-1
-1,-1
-1,-1
-1,-1
-1,-1
-1,-1
-1,-1
-1,-1
-1,-1
-1,-1
-1,-1
-1,-1
-1,-1
-1,-1
-1,-1
117764,538
-1,-1
-1,-1
-1,-1
