308076,1330,20778810
264322,70,741325
278743,68,613669
281219,73,1046587
286657,72,982643
295848,66,516799
379715,44,57196
355828,61,330771
504061,50,109468
262839,71,882465
390036,56,187155
358198,66,510412
144838,99,13037079
366075,51,118861
351077,51,112843
360983,62,339776
323357,41,42686
276635,70,763476
396592,51,115218
319306,48,83017
379281,32,16633
301667,47,82407
387535,35,23757
315312,45,64567
-1,1,0
-1,-1
-1,-1
-1,-1
-1,-1
-1,-1
-1,-1
-1,-1
-1,-1
-1,-1
-1,-1
-1,-1
272665,1
-1,-1
-1,-1
-1,-1
-1,-1
-1,-1
239718,14
-1,-1
-1,-1
-1,-1
-1,-1
-1,-1
-1,-1
-1,-1
-1,-1
-1,0
-1,-1
-1,-1
-1,-1
-1,-1
-1,-1
-1,-1
-1,-1
-1,-1
-1,-1
-1,-1
-1,-1
-1,-1
-1,-1
-1,-1
-1,-1
-1,-1
-1,-1
-1,-1
-1,-1
-1,-1
-1,-1
-1,-1
-1,-1
-1,-1
-1,-1
-1,-1
-1,-1
-1,0
-1,0
-1,-1
-1,-1
-1,-1
-1,-1
-1,-1
-1,-1
-1,-1
-1,-1
109678,7
-1,-1
-1,-1
-1,-1
-1,-1
173356,50
-1,-1
-1,-1
-1,-1
-1,-1
-1,-1
-1,-1
-1,-1
-1,-1
-1,-1
-1,-1
-1,-1
-1,-1
-1,-1
-1,-1
-1,-1
-1,-1
-1,-1
116800,538
-1,-1
-1,-1
-1,-1
