308029,1330,20778810
264276,70,741325
278706,68,613669
281193,73,1046587
286615,72,982643
295815,66,516799
379656,44,57196
355774,61,330771
503987,50,109468
262806,71,882465
390005,56,187155
358159,66,510412
144837,99,13037079
366027,51,118861
351030,51,112843
360910,62,339776
323306,41,42686
276602,70,763476
396477,51,115218
319245,48,83017
379244,32,16633
301608,47,82407
387473,35,23757
315248,45,64567
-1,1,0
-1,-1
-1,-1
-1,-1
-1,-1
-1,-1
-1,-1
-1,-1
-1,-1
-1,-1
-1,-1
-1,-1
272638,1
-1,-1
-1,-1
-1,-1
-1,-1
-1,-1
239674,14
-1,-1
-1,-1
-1,-1
-1,-1
-1,-1
-1,-1
-1,-1
-1,-1
-1,0
-1,-1
-1,-1
-1,-1
-1,-1
-1,-1
-1,-1
-1,-1
-1,-1
-1,-1
-1,-1
-1,-1
-1,-1
-1,-1
-1,-1
-1,-1
-1,-1
-1,-1
-1,-1
-1,-1
-1,-1
-1,-1
-1,-1
-1,-1
-1,-1
-1,-1
-1,-1
-1,-1
-1,-1
-1,0
-1,-1
-1,-1
-1,-1
-1,-1
-1,-1
-1,-1
-1,-1
109651,7
-1,-1
-1,-1
-1,-1
-1,-1
173331,50
-1,-1
-1,-1
-1,-1
-1,-1
-1,-1
-1,-1
-1,-1
-1,-1
-1,-1
-1,-1
-1,-1
-1,-1
-1,-1
-1,-1
-1,-1
-1,-1
-1,-1
116794,538
-1,-1
-1,-1
-1,-1
