312435,1330,20778810
268457,70,741325
283037,68,613669
285778,73,1046587
291013,72,982643
299847,66,516799
385453,44,57196
360857,61,330771
510879,50,109468
266895,71,882465
394922,56,187155
362497,66,510412
146151,99,13037079
370972,51,118861
356081,51,112843
366458,62,339776
327597,41,42686
280667,70,763476
404015,51,115218
323611,48,83017
384478,32,16633
306579,47,82407
393259,35,23757
319942,45,64567
-1,1,0
-1,-1
-1,-1
-1,-1
-1,-1
-1,-1
-1,-1
-1,-1
-1,-1
-1,-1
-1,-1
-1,-1
275564,1
-1,-1
-1,-1
-1,-1
-1,-1
-1,-1
244087,14
-1,-1
-1,-1
-1,-1
-1,-1
-1,-1
-1,-1
-1,-1
-1,-1
-1,0
-1,-1
-1,-1
-1,-1
-1,-1
-1,-1
-1,-1
-1,-1
-1,-1
-1,-1
-1,-1
-1,-1
-1,-1
-1,-1
-1,-1
-1,-1
-1,-1
-1,-1
-1,-1
-1,-1
-1,-1
-1,-1
-1,-1
-1,-1
-1,-1
-1,-1
-1,-1
-1,-1
-1,0
-1,0
-1,-1
-1,-1
-1,-1
-1,-1
-1,-1
-1,-1
-1,-1
-1,-1
112748,7
-1,-1
-1,-1
-1,-1
-1,-1
176704,50
-1,-1
-1,-1
-1,-1
-1,-1
-1,-1
-1,-1
-1,-1
-1,-1
-1,-1
-1,-1
-1,-1
-1,-1
-1,-1
-1,-1
-1,-1
-1,-1
-1,-1
117759,538
-1,-1
-1,-1
-1,-1
