308050,1330,20778810
264293,70,741325
278729,68,613669
281209,73,1046587
286632,72,982643
295836,66,516799
379679,44,57196
355799,61,330771
504017,50,109468
262819,71,882465
390022,56,187155
358177,66,510412
144839,99,13037079
366049,51,118861
351053,51,112843
360929,62,339776
323326,41,42686
276617,70,763476
396521,51,115218
319274,48,83017
379257,32,16633
301625,47,82407
387499,35,23757
315267,45,64567
-1,1,0
-1,-1
-1,-1
-1,-1
-1,-1
-1,-1
-1,-1
-1,-1
-1,-1
-1,-1
-1,-1
-1,-1
272650,1
-1,-1
-1,-1
-1,-1
-1,-1
-1,-1
239692,14
-1,-1
-1,-1
-1,-1
-1,-1
-1,-1
-1,-1
-1,-1
-1,-1
-1,0
-1,-1
-1,-1
-1,-1
-1,-1
-1,-1
-1,-1
-1,-1
-1,-1
-1,-1
-1,-1
-1,-1
-1,-1
-1,-1
-1,-1
-1,-1
-1,-1
-1,-1
-1,-1
-1,-1
-1,-1
-1,-1
-1,-1
-1,-1
-1,-1
-1,-1
-1,-1
-1,-1
-1,-1
-1,0
-1,-1
-1,-1
-1,-1
-1,-1
-1,-1
-1,-1
-1,-1
109660,7
-1,-1
-1,-1
-1,-1
-1,-1
173341,50
-1,-1
-1,-1
-1,-1
-1,-1
-1,-1
-1,-1
-1,-1
-1,-1
-1,-1
-1,-1
-1,-1
-1,-1
-1,-1
-1,-1
-1,-1
-1,-1
-1,-1
116800,538
-1,-1
-1,-1
-1,-1
