316868,1330,20778810
272815,70,741325
287559,68,613669
290294,73,1046587
295639,72,982643
304045,66,516799
390799,44,57196
365799,61,330771
516794,50,109468
270825,71,882465
399521,56,187155
366839,66,510412
147275,99,13037079
375841,51,118861
361063,51,112843
371594,62,339776
331995,41,42686
284559,70,763476
409111,51,115218
328232,48,83017
389413,32,16633
311110,47,82407
397654,35,23757
324302,45,64567
-1,1,0
-1,-1
-1,-1
-1,-1
-1,-1
-1,-1
-1,-1
-1,-1
-1,-1
-1,-1
-1,-1
-1,-1
278738,1
-1,-1
-1,-1
-1,-1
-1,-1
-1,-1
248355,14
-1,-1
-1,-1
-1,-1
-1,-1
-1,-1
-1,-1
-1,-1
-1,-1
-1,0
-1,-1
-1,-1
-1,-1
-1,-1
-1,-1
-1,-1
-1,-1
-1,-1
-1,-1
-1,-1
-1,-1
-1,-1
-1,-1
-1,-1
-1,-1
-1,-1
-1,-1
-1,-1
-1,-1
-1,-1
-1,-1
-1,-1
-1,-1
-1,-1
-1,-1
-1,-1
-1,-1
-1,0
-1,0
-1,-1
-1,-1
-1,-1
-1,-1
-1,-1
-1,-1
-1,-1
-1,-1
115709,7
-1,-1
-1,-1
-1,-1
-1,-1
179732,50
-1,-1
-1,-1
-1,-1
-1,-1
-1,-1
-1,-1
-1,-1
-1,-1
-1,-1
-1,-1
-1,-1
-1,-1
-1,-1
-1,-1
-1,-1
-1,-1
-1,-1
118469,538
-1,-1
-1,-1
-1,-1
