316801,1330,20778810
272722,70,741325
287486,68,613669
290221,73,1046587
295549,72,982643
303967,66,516799
390712,44,57196
365706,61,330771
516700,50,109468
270739,71,882465
399427,56,187155
366760,66,510412
147264,99,13037079
375751,51,118861
360976,51,112843
371484,62,339776
331927,41,42686
284480,70,763476
409041,51,115218
328174,48,83017
389325,32,16633
311036,47,82407
397567,35,23757
324219,45,64567
-1,1,0
-1,-1
-1,-1
-1,-1
-1,-1
-1,-1
-1,-1
-1,-1
-1,-1
-1,-1
-1,-1
-1,-1
278674,1
-1,-1
-1,-1
-1,-1
-1,-1
-1,-1
248304,14
-1,-1
-1,-1
-1,-1
-1,-1
-1,-1
-1,-1
-1,-1
-1,-1
-1,0
-1,-1
-1,-1
-1,-1
-1,-1
-1,-1
-1,-1
-1,-1
-1,-1
-1,-1
-1,-1
-1,-1
-1,-1
-1,-1
-1,-1
-1,-1
-1,-1
-1,-1
-1,-1
-1,-1
-1,-1
-1,-1
-1,-1
-1,-1
-1,-1
-1,-1
-1,-1
-1,-1
-1,0
-1,0
-1,-1
-1,-1
-1,-1
-1,-1
-1,-1
-1,-1
-1,-1
-1,-1
115667,7
-1,-1
-1,-1
-1,-1
-1,-1
179692,50
-1,-1
-1,-1
-1,-1
-1,-1
-1,-1
-1,-1
-1,-1
-1,-1
-1,-1
-1,-1
-1,-1
-1,-1
-1,-1
-1,-1
-1,-1
-1,-1
-1,-1
118461,538
-1,-1
-1,-1
-1,-1
