308158,1330,20778810
264406,70,741325
278811,68,613669
281290,73,1046587
286744,72,982643
295934,66,516799
379819,44,57196
355934,61,330771
504188,50,109468
262907,71,882465
390127,56,187155
358278,66,510412
144873,99,13037079
366168,51,118861
351187,51,112843
361074,62,339776
323428,41,42686
276716,70,763476
396794,51,115218
319400,48,83017
379368,32,16633
301796,47,82407
387653,35,23757
315397,45,64567
-1,1,0
-1,-1
-1,-1
-1,-1
-1,-1
-1,-1
-1,-1
-1,-1
-1,-1
-1,-1
-1,-1
-1,-1
272724,1
-1,-1
-1,-1
-1,-1
-1,-1
-1,-1
239799,14
-1,-1
-1,-1
-1,-1
-1,-1
-1,-1
-1,-1
-1,-1
-1,-1
-1,0
-1,-1
-1,-1
-1,-1
-1,-1
-1,-1
-1,-1
-1,-1
-1,-1
-1,-1
-1,-1
-1,-1
-1,-1
-1,-1
-1,-1
-1,-1
-1,-1
-1,-1
-1,-1
-1,-1
-1,-1
-1,-1
-1,-1
-1,-1
-1,-1
-1,-1
-1,-1
-1,-1
-1,0
-1,0
-1,-1
-1,-1
-1,-1
-1,-1
-1,-1
-1,-1
-1,-1
-1,-1
109728,7
-1,-1
-1,-1
-1,-1
-1,-1
173406,50
-1,-1
-1,-1
-1,-1
-1,-1
-1,-1
-1,-1
-1,-1
-1,-1
-1,-1
-1,-1
-1,-1
-1,-1
-1,-1
-1,-1
-1,-1
-1,-1
-1,-1
116823,538
-1,-1
-1,-1
-1,-1
