308186,1330,20778810
264444,70,741325
278837,68,613669
281326,73,1046587
286779,72,982643
295964,66,516799
379873,44,57196
355986,61,330771
504253,50,109468
262950,71,882465
390171,56,187155
358306,66,510412
144880,99,13037079
366219,51,118861
351214,51,112843
361114,62,339776
323467,41,42686
276749,70,763476
396876,51,115218
319436,48,83017
379409,32,16633
301846,47,82407
387725,35,23757
315442,45,64567
-1,1,0
-1,-1
-1,-1
-1,-1
-1,-1
-1,-1
-1,-1
-1,-1
-1,-1
-1,-1
-1,-1
-1,-1
272745,1
-1,-1
-1,-1
-1,-1
-1,-1
-1,-1
239831,14
-1,-1
-1,-1
-1,-1
-1,-1
-1,-1
-1,-1
-1,-1
-1,-1
-1,0
-1,-1
-1,-1
-1,-1
-1,-1
-1,-1
-1,-1
-1,-1
-1,-1
-1,-1
-1,-1
-1,-1
-1,-1
-1,-1
-1,-1
-1,-1
-1,-1
-1,-1
-1,-1
-1,-1
-1,-1
-1,-1
-1,-1
-1,-1
-1,-1
-1,-1
-1,-1
-1,-1
-1,0
-1,0
-1,-1
-1,-1
-1,-1
-1,-1
-1,-1
-1,-1
-1,-1
-1,-1
109746,7
-1,-1
-1,-1
-1,-1
-1,-1
173438,50
-1,-1
-1,-1
-1,-1
-1,-1
-1,-1
-1,-1
-1,-1
-1,-1
-1,-1
-1,-1
-1,-1
-1,-1
-1,-1
-1,-1
-1,-1
-1,-1
-1,-1
116832,538
-1,-1
-1,-1
-1,-1
