312612,1330,20778810
268636,70,741325
283228,68,613669
285957,73,1046587
291214,72,982643
300003,66,516799
385699,44,57196
361070,61,330771
511152,50,109468
267053,71,882465
395159,56,187155
362724,66,510412
146209,99,13037079
371184,51,118861
356314,51,112843
366668,62,339776
327808,41,42686
280856,70,763476
404254,51,115218
323825,48,83017
384709,32,16633
306780,47,82407
393465,35,23757
320159,45,64567
-1,1,0
-1,-1
-1,-1
-1,-1
-1,-1
-1,-1
-1,-1
-1,-1
-1,-1
-1,-1
-1,-1
-1,-1
275711,1
-1,-1
-1,-1
-1,-1
-1,-1
-1,-1
244289,14
-1,-1
-1,-1
-1,-1
-1,-1
-1,-1
-1,-1
-1,-1
-1,-1
-1,0
-1,-1
-1,-1
-1,-1
-1,-1
-1,-1
-1,-1
-1,-1
-1,-1
-1,-1
-1,-1
-1,-1
-1,-1
-1,-1
-1,-1
-1,-1
-1,-1
-1,-1
-1,-1
-1,-1
-1,-1
-1,-1
-1,-1
-1,-1
-1,-1
-1,-1
-1,-1
-1,-1
-1,0
-1,0
-1,-1
-1,-1
-1,-1
-1,-1
-1,-1
-1,-1
-1,-1
-1,-1
112880,7
-1,-1
-1,-1
-1,-1
-1,-1
176861,50
-1,-1
-1,-1
-1,-1
-1,-1
-1,-1
-1,-1
-1,-1
-1,-1
-1,-1
-1,-1
-1,-1
-1,-1
-1,-1
-1,-1
-1,-1
-1,-1
-1,-1
117809,538
-1,-1
-1,-1
-1,-1
