308143,1330,20778810
264392,70,741325
278798,68,613669
281275,73,1046587
286720,72,982643
295916,66,516799
379793,44,57196
355915,61,330771
504159,50,109468
262892,71,882465
390107,56,187155
358266,66,510412
144867,99,13037079
366153,51,118861
351166,51,112843
361050,62,339776
323417,41,42686
276696,70,763476
396747,51,115218
319378,48,83017
379350,32,16633
301758,47,82407
387629,35,23757
315377,45,64567
-1,1,0
-1,-1
-1,-1
-1,-1
-1,-1
-1,-1
-1,-1
-1,-1
-1,-1
-1,-1
-1,-1
-1,-1
272708,1
-1,-1
-1,-1
-1,-1
-1,-1
-1,-1
239778,14
-1,-1
-1,-1
-1,-1
-1,-1
-1,-1
-1,-1
-1,-1
-1,-1
-1,0
-1,-1
-1,-1
-1,-1
-1,-1
-1,-1
-1,-1
-1,-1
-1,-1
-1,-1
-1,-1
-1,-1
-1,-1
-1,-1
-1,-1
-1,-1
-1,-1
-1,-1
-1,-1
-1,-1
-1,-1
-1,-1
-1,-1
-1,-1
-1,-1
-1,-1
-1,-1
-1,-1
-1,0
-1,0
-1,-1
-1,-1
-1,-1
-1,-1
-1,-1
-1,-1
-1,-1
-1,-1
109719,7
-1,-1
-1,-1
-1,-1
-1,-1
173396,50
-1,-1
-1,-1
-1,-1
-1,-1
-1,-1
-1,-1
-1,-1
-1,-1
-1,-1
-1,-1
-1,-1
-1,-1
-1,-1
-1,-1
-1,-1
-1,-1
-1,-1
116821,538
-1,-1
-1,-1
-1,-1
