316836,1330,20778810
272781,70,741325
287529,68,613669
290259,73,1046587
295601,72,982643
304008,66,516799
390769,44,57196
365753,61,330771
516750,50,109468
270780,71,882465
399480,56,187155
366797,66,510412
147265,99,13037079
375802,51,118861
361022,51,112843
371560,62,339776
331967,41,42686
284529,70,763476
409080,51,115218
328199,48,83017
389380,32,16633
311078,47,82407
397626,35,23757
324267,45,64567
-1,1,0
-1,-1
-1,-1
-1,-1
-1,-1
-1,-1
-1,-1
-1,-1
-1,-1
-1,-1
-1,-1
-1,-1
278708,1
-1,-1
-1,-1
-1,-1
-1,-1
-1,-1
248332,14
-1,-1
-1,-1
-1,-1
-1,-1
-1,-1
-1,-1
-1,-1
-1,-1
-1,0
-1,-1
-1,-1
-1,-1
-1,-1
-1,-1
-1,-1
-1,-1
-1,-1
-1,-1
-1,-1
-1,-1
-1,-1
-1,-1
-1,-1
-1,-1
-1,-1
-1,-1
-1,-1
-1,-1
-1,-1
-1,-1
-1,-1
-1,-1
-1,-1
-1,-1
-1,-1
-1,-1
-1,0
-1,0
-1,-1
-1,-1
-1,-1
-1,-1
-1,-1
-1,-1
-1,-1
-1,-1
115694,7
-1,-1
-1,-1
-1,-1
-1,-1
179716,50
-1,-1
-1,-1
-1,-1
-1,-1
-1,-1
-1,-1
-1,-1
-1,-1
-1,-1
-1,-1
-1,-1
-1,-1
-1,-1
-1,-1
-1,-1
-1,-1
-1,-1
118462,538
-1,-1
-1,-1
-1,-1
