308176,1330,20778810
264420,70,741325
278821,68,613669
281299,73,1046587
286756,72,982643
295942,66,516799
379845,44,57196
355946,61,330771
504212,50,109468
262928,71,882465
390144,56,187155
358296,66,510412
144873,99,13037079
366186,51,118861
351196,51,112843
361088,62,339776
323445,41,42686
276736,70,763476
396824,51,115218
319417,48,83017
379386,32,16633
301815,47,82407
387680,35,23757
315418,45,64567
-1,1,0
-1,-1
-1,-1
-1,-1
-1,-1
-1,-1
-1,-1
-1,-1
-1,-1
-1,-1
-1,-1
-1,-1
272732,1
-1,-1
-1,-1
-1,-1
-1,-1
-1,-1
239807,14
-1,-1
-1,-1
-1,-1
-1,-1
-1,-1
-1,-1
-1,-1
-1,-1
-1,0
-1,-1
-1,-1
-1,-1
-1,-1
-1,-1
-1,-1
-1,-1
-1,-1
-1,-1
-1,-1
-1,-1
-1,-1
-1,-1
-1,-1
-1,-1
-1,-1
-1,-1
-1,-1
-1,-1
-1,-1
-1,-1
-1,-1
-1,-1
-1,-1
-1,-1
-1,-1
-1,-1
-1,0
-1,0
-1,-1
-1,-1
-1,-1
-1,-1
-1,-1
-1,-1
-1,-1
-1,-1
109739,7
-1,-1
-1,-1
-1,-1
-1,-1
173426,50
-1,-1
-1,-1
-1,-1
-1,-1
-1,-1
-1,-1
-1,-1
-1,-1
-1,-1
-1,-1
-1,-1
-1,-1
-1,-1
-1,-1
-1,-1
-1,-1
-1,-1
116826,538
-1,-1
-1,-1
-1,-1
