316811,1330,20778810
272742,70,741325
287501,68,613669
290240,73,1046587
295566,72,982643
303987,66,516799
390736,44,57196
365721,61,330771
516720,50,109468
270749,71,882465
399445,56,187155
366774,66,510412
147264,99,13037079
375770,51,118861
360996,51,112843
371509,62,339776
331940,41,42686
284501,70,763476
409054,51,115218
328181,48,83017
389343,32,16633
311049,47,82407
397587,35,23757
324236,45,64567
-1,1,0
-1,-1
-1,-1
-1,-1
-1,-1
-1,-1
-1,-1
-1,-1
-1,-1
-1,-1
-1,-1
-1,-1
278687,1
-1,-1
-1,-1
-1,-1
-1,-1
-1,-1
248311,14
-1,-1
-1,-1
-1,-1
-1,-1
-1,-1
-1,-1
-1,-1
-1,-1
-1,0
-1,-1
-1,-1
-1,-1
-1,-1
-1,-1
-1,-1
-1,-1
-1,-1
-1,-1
-1,-1
-1,-1
-1,-1
-1,-1
-1,-1
-1,-1
-1,-1
-1,-1
-1,-1
-1,-1
-1,-1
-1,-1
-1,-1
-1,-1
-1,-1
-1,-1
-1,-1
-1,-1
-1,0
-1,0
-1,-1
-1,-1
-1,-1
-1,-1
-1,-1
-1,-1
-1,-1
-1,-1
115680,7
-1,-1
-1,-1
-1,-1
-1,-1
179699,50
-1,-1
-1,-1
-1,-1
-1,-1
-1,-1
-1,-1
-1,-1
-1,-1
-1,-1
-1,-1
-1,-1
-1,-1
-1,-1
-1,-1
-1,-1
-1,-1
-1,-1
118461,538
-1,-1
-1,-1
-1,-1
