308399,1330,20778810
264596,70,741325
279022,68,613669
281488,73,1046587
286946,72,982643
296089,66,516799
380075,44,57196
356177,61,330771
504501,50,109468
263115,71,882465
390378,56,187155
358457,66,510412
144929,99,13037079
366420,51,118861
351434,51,112843
361367,62,339776
323617,41,42686
276925,70,763476
397246,51,115218
319608,48,83017
379610,32,16633
302045,47,82407
387958,35,23757
315652,45,64567
-1,1,0
-1,-1
-1,-1
-1,-1
-1,-1
-1,-1
-1,-1
-1,-1
-1,-1
-1,-1
-1,-1
-1,-1
272848,1
-1,-1
-1,-1
-1,-1
-1,-1
-1,-1
240002,14
-1,-1
-1,-1
-1,-1
-1,-1
-1,-1
-1,-1
-1,-1
-1,-1
-1,0
-1,-1
-1,-1
-1,-1
-1,-1
-1,-1
-1,-1
-1,-1
-1,-1
-1,-1
-1,-1
-1,-1
-1,-1
-1,-1
-1,-1
-1,-1
-1,-1
-1,-1
-1,-1
-1,-1
-1,-1
-1,-1
-1,-1
-1,-1
-1,-1
-1,-1
-1,-1
-1,-1
-1,0
-1,0
-1,-1
-1,-1
-1,-1
-1,-1
-1,-1
-1,-1
-1,-1
-1,-1
109881,7
-1,-1
-1,-1
-1,-1
-1,-1
173545,50
-1,-1
-1,-1
-1,-1
-1,-1
-1,-1
-1,-1
-1,-1
-1,-1
-1,-1
-1,-1
-1,-1
-1,-1
-1,-1
-1,-1
-1,-1
-1,-1
-1,-1
116863,538
-1,-1
-1,-1
-1,-1
