312810,1330,20778810
268822,70,741325
283411,68,613669
286146,73,1046587
291396,72,982643
300189,66,516799
385953,44,57196
361265,61,330771
511446,50,109468
267217,71,882465
395371,56,187155
362928,66,510412
146261,99,13037079
371399,51,118861
356540,51,112843
366913,62,339776
327973,41,42686
281027,70,763476
404503,51,115218
324017,48,83017
384929,32,16633
307010,47,82407
393661,35,23757
320347,45,64567
-1,1,0
-1,-1
-1,-1
-1,-1
-1,-1
-1,-1
-1,-1
-1,-1
-1,-1
-1,-1
-1,-1
-1,-1
275855,1
-1,-1
-1,-1
-1,-1
-1,-1
-1,-1
244520,14
-1,-1
-1,-1
-1,-1
-1,-1
-1,-1
-1,-1
-1,-1
-1,-1
-1,0
-1,-1
-1,-1
-1,-1
-1,-1
-1,-1
-1,-1
-1,-1
-1,-1
-1,-1
-1,-1
-1,-1
-1,-1
-1,-1
-1,-1
-1,-1
-1,-1
-1,-1
-1,-1
-1,-1
-1,-1
-1,-1
-1,-1
-1,-1
-1,-1
-1,-1
-1,-1
-1,-1
-1,0
-1,0
-1,-1
-1,-1
-1,-1
-1,-1
-1,-1
-1,-1
-1,-1
-1,-1
113018,7
-1,-1
-1,-1
-1,-1
-1,-1
177014,50
-1,-1
-1,-1
-1,-1
-1,-1
-1,-1
-1,-1
-1,-1
-1,-1
-1,-1
-1,-1
-1,-1
-1,-1
-1,-1
-1,-1
-1,-1
-1,-1
-1,-1
117856,538
-1,-1
-1,-1
-1,-1
