308326,1330,20778810
264543,70,741325
278969,68,613669
281439,73,1046587
286901,72,982643
296048,66,516799
380015,44,57196
356118,61,330771
504412,50,109468
263055,71,882465
390312,56,187155
358415,66,510412
144907,99,13037079
366347,51,118861
351356,51,112843
361281,62,339776
323572,41,42686
276868,70,763476
397134,51,115218
319546,48,83017
379539,32,16633
301977,47,82407
387869,35,23757
315588,45,64567
-1,1,0
-1,-1
-1,-1
-1,-1
-1,-1
-1,-1
-1,-1
-1,-1
-1,-1
-1,-1
-1,-1
-1,-1
272806,1
-1,-1
-1,-1
-1,-1
-1,-1
-1,-1
239944,14
-1,-1
-1,-1
-1,-1
-1,-1
-1,-1
-1,-1
-1,-1
-1,-1
-1,0
-1,-1
-1,-1
-1,-1
-1,-1
-1,-1
-1,-1
-1,-1
-1,-1
-1,-1
-1,-1
-1,-1
-1,-1
-1,-1
-1,-1
-1,-1
-1,-1
-1,-1
-1,-1
-1,-1
-1,-1
-1,-1
-1,-1
-1,-1
-1,-1
-1,-1
-1,-1
-1,-1
-1,0
-1,0
-1,-1
-1,-1
-1,-1
-1,-1
-1,-1
-1,-1
-1,-1
-1,-1
109839,7
-1,-1
-1,-1
-1,-1
-1,-1
173510,50
-1,-1
-1,-1
-1,-1
-1,-1
-1,-1
-1,-1
-1,-1
-1,-1
-1,-1
-1,-1
-1,-1
-1,-1
-1,-1
-1,-1
-1,-1
-1,-1
-1,-1
116847,538
-1,-1
-1,-1
-1,-1
