312727,1330,20778810
268745,70,741325
283342,68,613669
286060,73,1046587
291319,72,982643
300110,66,516799
385851,44,57196
361189,61,330771
511336,50,109468
267153,71,882465
395289,56,187155
362840,66,510412
146245,99,13037079
371316,51,118861
356442,51,112843
366822,62,339776
327907,41,42686
280967,70,763476
404404,51,115218
323935,48,83017
384845,32,16633
306923,47,82407
393572,35,23757
320264,45,64567
-1,1,0
-1,-1
-1,-1
-1,-1
-1,-1
-1,-1
-1,-1
-1,-1
-1,-1
-1,-1
-1,-1
-1,-1
275790,1
-1,-1
-1,-1
-1,-1
-1,-1
-1,-1
244427,14
-1,-1
-1,-1
-1,-1
-1,-1
-1,-1
-1,-1
-1,-1
-1,-1
-1,0
-1,-1
-1,-1
-1,-1
-1,-1
-1,-1
-1,-1
-1,-1
-1,-1
-1,-1
-1,-1
-1,-1
-1,-1
-1,-1
-1,-1
-1,-1
-1,-1
-1,-1
-1,-1
-1,-1
-1,-1
-1,-1
-1,-1
-1,-1
-1,-1
-1,-1
-1,-1
-1,-1
-1,0
-1,0
-1,-1
-1,-1
-1,-1
-1,-1
-1,-1
-1,-1
-1,-1
-1,-1
112960,7
-1,-1
-1,-1
-1,-1
-1,-1
176943,50
-1,-1
-1,-1
-1,-1
-1,-1
-1,-1
-1,-1
-1,-1
-1,-1
-1,-1
-1,-1
-1,-1
-1,-1
-1,-1
-1,-1
-1,-1
-1,-1
-1,-1
117843,538
-1,-1
-1,-1
-1,-1
