312781,1330,20778810
268788,70,741325
283387,68,613669
286102,73,1046587
291367,72,982643
300153,66,516799
385912,44,57196
361230,61,330771
511393,50,109468
267193,71,882465
395333,56,187155
362892,66,510412
146253,99,13037079
371364,51,118861
356498,51,112843
366874,62,339776
327943,41,42686
281004,70,763476
404454,51,115218
323974,48,83017
384893,32,16633
306987,47,82407
393625,35,23757
320313,45,64567
-1,1,0
-1,-1
-1,-1
-1,-1
-1,-1
-1,-1
-1,-1
-1,-1
-1,-1
-1,-1
-1,-1
-1,-1
275830,1
-1,-1
-1,-1
-1,-1
-1,-1
-1,-1
244486,14
-1,-1
-1,-1
-1,-1
-1,-1
-1,-1
-1,-1
-1,-1
-1,-1
-1,0
-1,-1
-1,-1
-1,-1
-1,-1
-1,-1
-1,-1
-1,-1
-1,-1
-1,-1
-1,-1
-1,-1
-1,-1
-1,-1
-1,-1
-1,-1
-1,-1
-1,-1
-1,-1
-1,-1
-1,-1
-1,-1
-1,-1
-1,-1
-1,-1
-1,-1
-1,-1
-1,-1
-1,0
-1,0
-1,-1
-1,-1
-1,-1
-1,-1
-1,-1
-1,-1
-1,-1
-1,-1
112994,7
-1,-1
-1,-1
-1,-1
-1,-1
176987,50
-1,-1
-1,-1
-1,-1
-1,-1
-1,-1
-1,-1
-1,-1
-1,-1
-1,-1
-1,-1
-1,-1
-1,-1
-1,-1
-1,-1
-1,-1
-1,-1
-1,-1
117847,538
-1,-1
-1,-1
-1,-1
